-1,200000.0,40000.0,500000.0,30000,40000,1e-08,2e-08,-175959.95459375612
0,200000.0,35000.0,500000.0,30000.0,40000.0,1.25e-08,2e-08,-175958.16321183858
1,146654.53414738766,37626.50313615192,429278.6024836105,25636.037798090234,38868.786737137416,7.0255590945755195e-09,2.1370016830893698e-08,-176021.64433168026
2,220455.1952281943,35382.98503875277,557088.5308000469,38683.93625166071,43824.98516566632,1.006502350994591e-08,2.360506421963348e-08,-176208.5737980409
3,108985.14945515817,32744.293288829747,518346.0963419418,24937.060727789078,33283.07722659639,1.683415849890363e-08,2.209587239394754e-08,-176082.02707688327
4,200889.93020481174,39229.569202262195,483860.6272244536,29635.0303867408,41421.83724026136,9.110541585668233e-09,1.343043766595721e-08,-176385.72085297378
5,209675.22462360043,33845.099556502675,418791.2218382181,25394.772149372377,31085.266533433827,7.0527086222416e-09,2.0338814755615965e-08,-175973.91898616863
6,214587.98777211393,31261.37814818677,561199.8003853343,22232.821549068696,37833.11252587427,1.663042712872335e-08,2.8218436520741776e-08,-176549.66408685318
7,108221.56470371527,30205.009651090437,404677.27112652484,38407.896317909326,30192.397530067155,1.8454873242844106e-08,1.5004944024381946e-08,-176850.75383479014
8,293833.3011811252,39967.70123182259,419779.72125725396,37758.040641028914,42588.699619921084,8.46459937882567e-09,2.9030873540677068e-08,-176853.97231522584
9,100000.0,30000.0,532927.1499575939,20000.0,50000.0,5e-09,1e-08,-177916.47474567418
10,295816.48657143937,38599.4253066348,553677.2146006795,34959.1205698705,30336.31068173108,1.785583626786134e-08,1.3020987294676312e-08,-176086.44144137183
11,260627.96971992162,30003.79394241416,509646.64689837984,39992.41211517168,30007.587884828317,5.0056909136212404e-09,2.999241211517168e-08,-177003.09050418378
12,115301.01220699228,39670.71601164651,595790.2593462286,38938.455655577534,36478.07347074386,1.9736283152839763e-08,2.649573669751261e-08,-176253.85103983327
13,191651.97104204915,39999.92436290106,473472.9568991897,20000.15127419788,49999.84872580212,1.999988654435159e-08,2.999984872580212e-08,-176416.09999739952
14,140805.3250299092,39631.498020237465,435944.07610935176,27666.552029369977,31317.682410633413,1.2162620439118317e-08,2.9567162906286616e-08,-176106.1731884872
15,201823.263391613,30255.742099027582,504864.5493202618,40000.0,30000.0,2e-08,1e-08,-177055.87717648732
16,291116.7653613958,37249.9662971425,411170.28003969765,20475.384711580562,33291.906266681515,1.717315997121141e-08,1.4381115277170422e-08,-176187.00270792673
17,201427.26276194904,39317.88728119048,500365.2665250046,30208.369623894712,33554.85782603966,5.0034753322367186e-09,2.999536622368437e-08,-176565.90031473144
18,278395.59698152303,39935.21029489226,585430.6366743685,22953.518968084918,31113.307867229953,1.36895845668471e-08,1.8484051495203984e-08,-176013.1463876432
19,200381.0797556512,32031.412553284335,499187.155886619,30524.975329838104,42388.604891326686,1.9998561929622996e-08,2.999808257283066e-08,-176522.6941991874
20,287045.3144317678,38665.902903704744,480456.38037676096,39630.67545872092,47551.50916951065,1.954303311825429e-08,1.2218809161016545e-08,-176276.25493394662
21,200339.81648275055,34768.12402308328,500121.8222815603,28141.62160988418,40507.08783931646,5e-09,1e-08,-177122.40249332978
22,169599.0209918423,39917.57323458017,421563.11047372775,21892.430947248733,32038.15417515792,1.8718532336466282e-08,2.133304733788041e-08,-175986.49539505623
23,199918.56408598856,35907.33865301099,499988.4212725301,30339.00698179681,39826.75874015124,1.9999728121836048e-08,2.99996374957814e-08,-176537.0270416744
24,290662.3990989345,39505.9669796598,560273.0469089315,20710.160454194054,46396.67992935442,1.980614701010234e-08,2.1763277305793916e-08,-176252.59598147773
25,199949.44193403775,34956.062559852464,499957.0418303579,30435.689609176457,40218.138572834956,5.000020679229237e-09,2.9999972427694346e-08,-176543.90602809432
26,142068.293305517,38505.68837258897,582850.0322215197,20156.201490222542,31163.081929255444,1.7884444066959826e-08,2.5566975281579452e-08,-176168.7404046578
27,200038.92665574144,35043.40573729215,499998.6983268746,30189.183577599535,40147.4585041197,1.9998020725178024e-08,1.0002639033095972e-08,-177114.4011939886
28,127678.12479858885,39124.313632107674,402846.8283359139,39883.96662416072,43112.31239027099,1.3260416072426165e-08,2.9767696794671033e-08,-176078.8824965109
29,200025.13870672067,34962.88895005032,499897.47428388963,30025.681219910628,39954.68293675506,1.999878073500576e-08,2.9998374313341014e-08,-176530.85449384843
30,290026.49150424625,39673.17788120077,434590.8157930603,21992.808048723382,32239.239239190036,1.737052796604643e-08,2.7409475211285453e-08,-176575.19120997156
31,199998.8553691102,34962.01063455007,500026.41582817293,29961.18738589571,39987.60566438034,5e-09,3e-08,-176541.94863830975
32,297759.7186695817,30048.637468427834,425768.53539333836,22742.89350092958,49931.86853187417,1.9362320712097708e-08,2.5670919597143732e-08,-176409.14382781312
33,199989.1912435069,35004.059860211935,500025.2014437192,30003.17656886674,39986.82419890831,1.9999612934254602e-08,2.9999483912339467e-08,-176531.265734454
34,291913.6040152792,30579.2415882992,420243.2412182539,38034.001948070385,49714.0554217789,1.8812750759639996e-08,2.2221952440186535e-08,-176149.5024613179
35,199987.11540705385,35002.69689610205,499994.53805112187,29994.511716849654,40002.18839471621,1.999998711624849e-08,1.0000017178335353e-08,-177117.0198579299
36,114410.91595600743,35418.64761299111,442036.00465997413,35757.91299605873,30944.802272325167,1.2119346429493099e-08,2.8215766717591878e-08,-176047.91182676773
37,199999.95006294546,35003.867194544815,500001.762486301,30002.884376745158,40005.75426366049,2e-08,3e-08,-176531.3309980733
38,294380.4986289222,30288.017199532682,550829.3510843996,36350.97589559463,49258.95765473391,1.3898595530258784e-08,2.753784969960867e-08,-177000.0915584879
39,199998.81505340312,35002.777948091214,500002.00588893966,30001.168287399814,40000.60600696921,5e-09,3e-08,-176542.27034981822
40,129360.99061071938,39420.68117490251,546525.1627750808,38390.37593118468,49258.68062170195,1.493212483737258e-08,2.8234113558595325e-08,-176289.18683070265
41,200000.55381489528,35001.83009931096,500000.1281132288,30000.192474564483,39999.901145331605,5e-09,1e-08,-177110.8112332591
42,160898.52122749254,39972.998007161565,405733.1947624413,39887.551214926934,32162.208751083348,1.881968897354596e-08,2.450585021368501e-08,-175988.84500634126
43,199999.79910198768,35000.25111677224,499999.6372110932,29999.389028941612,39999.43300752679,2e-08,3e-08,-176531.2770288401
44,119381.71634077796,35525.585576473284,565477.1844327234,29829.51190938887,30365.094991498867,1.5040303591027832e-08,2.6860361227850175e-08,-176181.11464813506
45,199999.9746731864,35000.16635606832,500000.1065361446,30000.359841294347,40000.25159270122,5e-09,3e-08,-176542.2538704584
46,101594.91726556027,39759.5300870643,495323.5382580228,39909.96823589518,32834.04249573935,1.114141675215768e-08,2.2253397396569065e-08,-176059.24162051207
47,200000.02819916396,34999.966323760695,499999.98602127086,29999.798046079253,39999.87670148836,5e-09,3e-08,-176542.24975663933
48,228506.47929862305,39628.90689600037,563969.4761701433,38219.4922670213,30895.167280925267,1.7536090769923893e-08,2.5598251848756397e-08,-176459.58831733302
49,200000.00153085828,35000.083159900605,500000.0035689888,29999.96302433835,40000.07893224403,5e-09,3e-08,-176542.25126936336
50,297466.6919049838,32643.895908559494,419924.49914147734,21560.967135565155,34698.99917476697,9.38655939022478e-09,2.447669628818294e-08,-176276.5759085048
51,200000.00379682065,35000.01103854594,500000.0092642796,30000.04619688423,40000.035718243416,2e-08,1e-08,-177116.91745089396
52,102328.375921158,39176.973194881124,412962.84192637744,21500.339660576705,36318.36978150917,1.9575529336279033e-08,2.507965578901254e-08,-176053.08633066012
53,200000.00694589983,35000.011457151086,500000.004961122,30000.019174333618,40000.0183365666,5.0000860828171155e-09,1.0000114777089488e-08,-177110.7906358449
54,115207.13402850338,33887.91178179877,427403.9953116103,23676.08283242953,30151.06635781848,1.8188236622503518e-08,2.9673374177553876e-08,-176039.55320207155
55,200000.0038383725,35000.005698233574,500000.00266521145,30000.009342137997,40000.00924231919,1.999979606402906e-08,1.0000271914627922e-08,-177116.83575534413
56,113928.94259333919,39280.03597108911,419688.4684406009,20212.141560012,31065.151337119165,1.3400938045553884e-08,2.5125994417198406e-08,-176023.59353484906
57,199999.99961270017,35000.0012643933,499999.9991833887,29999.99874633115,39999.99273616143,5.000230963708772e-09,2.9999692048388304e-08,-176542.21909880947
58,104797.34480728739,30279.203798159422,411452.12759632134,29684.87478223604,30952.225473941584,1.360696663584782e-08,2.9548425572287078e-08,-176023.558552411
59,199999.99803963487,34999.99795553394,499999.9992506422,30000.000338634094,39999.9976572319,5e-09,2.301094339137616e-08,-176034.2742470087
60,179649.7793980346,32293.624065688433,530207.1514675118,39845.0976715133,39793.37201684853,1.3026384933437561e-08,1.977237423741083e-08,-175971.17782143113
61,199999.99865456752,34999.99971037171,499999.9996499243,29999.99994834163,39999.99876403209,1.999968158797248e-08,1.0000424549370025e-08,-177116.78987109763
62,290669.4909979165,39572.883443506405,584443.8119632499,21728.76841281735,49719.562573300274,9.947260427118802e-09,2.5814019009154714e-08,-176804.1137234547
63,199999.99977186424,34999.99927931216,500000.00024757284,30000.0004064618,39999.999702027766,1.9999682253684325e-08,1.0000423661754235e-08,-177116.79012860675
64,102859.74945023711,39866.876348106496,437748.84900122345,35251.75815345987,35818.826780797666,1.352450674007254e-08,2.923914639391497e-08,-176072.02072916532
65,200000.00015400286,34999.99962272649,500000.0001577004,30000.00011962505,39999.999871741595,5.000332613406717e-09,1.2828400160790224e-08,-176471.56746143202
66,296616.06560334796,37974.83384471383,481766.17202730826,38435.930014973244,30745.058441437795,1.722702407111211e-08,1.9044495141997004e-08,-176040.31574464886
67,200000.00017847854,34999.999957389016,500000.00009742286,30000.000083455623,39999.99992723908,1.5815061791227964e-08,1.9598927858664793e-08,-175959.1445994547
68,278563.92860590573,31138.035532575654,591156.6652758771,33207.71665603449,30295.71820554921,6.858248072426629e-09,2.0823410785102288e-08,-176173.71677555775
69,199999.99997717192,34999.99992043246,500000.00001994515,30000.000071362505,40000.00003889205,1.2327116709833228e-08,1.992912985998884e-08,-175958.19313871
70,113655.39005802466,37556.45691731352,444131.61149127106,38219.16116343749,47716.438865768956,1.4566224088505917e-08,2.0421978628408187e-08,-176116.37977752145
71,199999.99998556112,34999.99995854299,500000.0000029634,30000.000037253638,40000.00001183216,1.2553196064068104e-08,2.0065845011164493e-08,-175958.23061503918
72,295948.91087504174,39366.909688707136,491254.0647585931,38465.20539347146,48192.26856027497,9.468916440049958e-09,1.95471777534971e-08,-176055.88095822
73,200000.00000023184,34999.99998296256,500000.0000196814,29999.999990242868,39999.99999035335,1.2522252806433166e-08,2.0032285607909367e-08,-175958.18901635104
74,123801.61342828737,30797.14785711815,493025.64710740204,21910.594397097262,48877.72470845859,1.749472543861903e-08,2.2429338075703355e-08,-176043.65397022833
75,199999.99999961947,34999.99999057469,500000.00000978704,29999.999996372906,39999.99999569156,1.2502215553275103e-08,2.0006726435631384e-08,-175958.1678664381
76,119654.75484993114,30686.86602983533,451022.0240197457,38150.162141810055,30461.35359270494,1.3153061565392586e-08,2.2842251247022645e-08,-176020.76779694884
77,200000.0000010538,34999.99999560423,500000.000003675,30000.000001137352,39999.99999565385,1.2501148038397596e-08,2.0002755174798512e-08,-175958.16497975372
78,264052.39042885765,30683.062720875118,598841.2534458333,20196.397000293517,42710.6686451506,1.4857442689105475e-08,2.0982229442281727e-08,-176141.3554431048
79,200000.00000089142,34999.999998692525,500000.000002155,30000.000000749125,39999.99999758735,1.2500386765613176e-08,2.0000139587100918e-08,-175958.1632212344
80,106941.16943751626,39791.98626066708,464601.24314577575,22106.833714535063,49110.40086217482,1.1208504829809133e-08,2.1519338786945605e-08,-176123.0183047814
81,199999.9999983249,34999.9999995732,500000.00000053545,29999.999999750966,40000.000000214066,1.2501037395312175e-08,1.9999057751734016e-08,-175958.16229641548
82,198955.91361457325,38856.90211120621,590992.4184125045,39693.89118116623,41124.27455394876,1.6006831353806795e-08,1.931636401112985e-08,-175988.50358572483
83,199999.99999762353,34999.999999391635,500000.0000010774,29999.99999960151,40000.00000028277,1.2500405862233171e-08,2.0002104738772173e-08,-175958.16466313868
84,165806.15100232046,39492.251904992125,535598.1216170823,32819.61051015334,30535.874021090025,1.9572134372603197e-08,1.973771971125767e-08,-175983.60508662293
85,199999.9999983409,34999.999999552936,500000.00000008545,29999.999999742882,40000.000000304564,1.2355514615101261e-08,2.0023656284670225e-08,-175958.2204259197
86,290091.56627740036,33598.51926665518,401044.31533136097,39902.826711707035,39264.93746065272,1.5089946326691645e-08,1.871636478840773e-08,-176013.10798267933
87,199999.99999832458,34999.99999955951,500000.0000003139,29999.99999973999,40000.000000272994,1.2445703407425523e-08,2.0013328179345503e-08,-175958.18720491295
88,238513.77344590335,39092.03581251588,413274.9451742577,32179.84825579546,35586.143933111474,1.560345350919242e-08,2.1012894149289958e-08,-175980.06990932548
89,199999.99999832225,34999.999999569605,500000.0000004244,29999.99999974596,40000.00000024304,1.250175334117222e-08,1.9977813184350512e-08,-175958.15053250248
90,297106.26966091874,38490.88803791289,400919.88037292054,32448.40718479122,39989.80185153744,8.715804298402303e-09,1.7827735274612546e-08,-176003.72762138807
91,199999.9999983426,34999.99999956288,500000.00000037166,29999.999999753112,40000.000000246124,1.2271287379972852e-08,2.0244671678071508e-08,-175958.84377693583
92,295820.8594586551,32640.496461770326,401068.57916319853,25693.71566471931,30337.02992984125,1.1354941347999684e-08,1.8441411770556283e-08,-176006.68845349664
93,199999.999998316,34999.99999956709,500000.0000004197,29999.999999731597,40000.00000026292,5.000261236061345e-09,2.999965099404223e-08,-176542.2148789621
94,103724.63912042492,30120.73550719709,483789.4863068821,38037.30330777468,46482.24584916831,1.3095757132191938e-08,2.089972078784587e-08,-176122.2808371427
95,199999.99999832388,34999.99999956793,500000.00000041805,29999.999999745545,40000.00000024528,1.9999919615375426e-08,1.0000106966708806e-08,-177116.88561396606
96,107558.32584224196,39798.34761768437,446381.26571938716,33248.25433349471,41476.889880742616,1.3119894292347648e-08,2.3129443209475837e-08,-176043.52352715872
97,199999.99999832225,34999.999999569605,500000.0000004244,29999.99999974596,40000.00000024304,1.3768575667134732e-08,2.7049553727283754e-08,-176265.1052456483
98,264229.49547076423,32401.930614446046,596860.5899051112,38836.458150533836,47759.157864333785,8.643309955223758e-09,1.926706495083333e-08,-176053.24721641905
99,199999.99999832225,34999.999999569605,500000.0000004244,29999.99999974596,40000.00000024304,8.91292366421617e-09,1.9823252650397325e-08,-175960.59389844496
100,271452.52680973033,35587.36987506594,573476.2966909868,20185.443880508912,32433.529067346863,1.0620320132188878e-08,2.072050927581099e-08,-176111.57765666422
101,199999.99999832225,34999.999999569605,500000.0000004244,29999.99999974596,40000.00000024304,1.0707604194879426e-08,1.989459271358843e-08,-175958.91370063263
102,123964.92585805,35246.964747413345,577260.2473261165,35696.88252645184,36780.83213210736,9.133501606776695e-09,2.1145787425056463e-08,-176048.92016972398
103,199999.99999832225,34999.999999569605,500000.0000004244,29999.99999974596,40000.00000024304,1.162229265292568e-08,1.9796091822334466e-08,-175958.60594134903
104,100934.30371084083,39336.64412758421,589758.0642675201,22524.029672014487,34324.22289247862,1.8488185465754595e-08,1.9802814793900895e-08,-176174.09635474705
105,199999.99999832225,34999.999999569605,500000.0000004244,29999.99999974596,40000.00000024304,1.2064323613447047e-08,1.987645398411444e-08,-175958.30812939568
106,196438.42432555123,35802.075583948375,424852.73940828856,39840.54517776008,31757.788018747495,1.562391942432127e-08,2.1362668759900922e-08,-175969.85692405913
107,199999.99999832225,34999.999999569605,500000.0000004244,29999.99999974596,40000.00000024304,1.2283154438929156e-08,1.992663648347684e-08,-175958.20589240265
108,292339.0362464658,33969.797143402946,426291.05888862367,27171.123349900794,48588.231910934555,9.61484430638947e-09,1.9836093399725985e-08,-176015.083746158
109,199999.99999832225,34999.999999569605,500000.0000004244,29999.99999974596,40000.00000024304,1.239259510287776e-08,1.9951628708191253e-08,-175958.17221909048
110,279342.2286597475,39265.348848704416,403584.6354078885,31498.357979807246,30069.440838156042,1.9296273507281485e-08,1.6687234132325933e-08,-176042.17433515977
111,199999.99999832225,34999.999999569605,500000.0000004244,29999.99999974596,40000.00000024304,1.244723110722548e-08,1.9964486027437146e-08,-175958.15977528217
112,272755.2850020678,39879.149962458054,598209.0858409456,38710.42492372296,32713.93349675798,1.791621557372035e-08,1.641295943259488e-08,-175967.28625723498
113,199999.99999832225,34999.999999569605,500000.0000004244,29999.99999974596,40000.00000024304,1.2474513345117641e-08,1.9971063982611943e-08,-175958.1547278571
114,107074.12496527129,35617.49728345378,474841.7168087402,30639.117009940797,49120.71470049568,1.2748451073436522e-08,2.33562253357356e-08,-176049.70208987079
115,199999.99999832225,34999.999999569605,500000.0000004244,29999.99999974596,40000.00000024304,1.2488152236552294e-08,1.9974371711320822e-08,-175958.1525020936
116,292664.6210411746,35448.308828327965,578395.6540819921,31028.314708956696,40134.76551665587,1.8668983148474693e-08,1.9620953044092064e-08,-176107.76934280098
117,199999.99999832225,34999.999999569605,500000.0000004244,29999.99999974596,40000.00000024304,1.2494963751714897e-08,1.997607059560693e-08,-175958.1514807077
118,190279.44491417118,30035.671991583222,459183.8305101485,30308.99461299352,39930.25046812594,1.1830727566895429e-08,2.0739426225012458e-08,-175959.25902788402
119,199999.99999832225,34999.999999569605,500000.0000004244,29999.99999974596,40000.00000024304,1.2498347733226512e-08,1.9976972254642544e-08,-175958.15101382963
120,105328.75725180448,30481.797359491626,550493.3672419452,31225.199692432463,36047.7117856639,1.1844848009475803e-08,2.444425662011047e-08,-176091.4420464165
121,199999.99999832225,34999.999999569605,500000.0000004244,29999.99999974596,40000.00000024304,1.2500053123593998e-08,1.9977386395794457e-08,-175958.1507685821
122,238928.66316230415,38643.642547519936,413988.55086282257,21476.06547517683,37504.45493280121,1.1052261422836039e-08,1.8924104923694172e-08,-175987.16111125433
123,199999.99999832225,34999.999999569605,500000.0000004244,29999.99999974596,40000.00000024304,1.2501265906064846e-08,1.9977805174571716e-08,-175958.15064392905
124,106218.02111594507,38817.671002039584,411650.482941672,29086.194963986105,30098.779453337273,7.55798912054158e-09,2.2903545032074287e-08,-176084.67801357948
125,199999.99999832225,34999.999999569605,500000.0000004244,29999.99999974596,40000.00000024304,1.2501507656961543e-08,1.9977810719248678e-08,-175958.15058926804
126,103781.82692151514,39758.90519419924,587495.8366147104,39888.43386614966,35443.43903090331,9.082034471571841e-09,1.9072203567487407e-08,-176120.44769128424
127,199999.99999832225,34999.999999569605,500000.0000004244,29999.99999974596,40000.00000024304,1.2501631186093737e-08,1.9977812066131682e-08,-175958.1505607669
128,214059.44953779364,39541.02176685829,405608.274195302,30372.49937878709,49376.11042052743,1.8962111772031648e-08,1.9292213558441162e-08,-175985.11680763608
129,199999.99999832225,34999.999999569605,500000.0000004244,29999.99999974596,40000.00000024304,1.2501685504831859e-08,1.9977814743816072e-08,-175958.1505490408
130,193687.3986625254,33371.109065393204,507864.55874163215,32259.856137751056,48636.11331522043,1.8785701685448946e-08,2.0611339707626786e-08,-175965.33318602253
131,199999.99999832225,34999.999999569605,500000.0000004244,29999.99999974596,40000.00000024304,1.250171924613736e-08,1.9977813975124216e-08,-175958.15054081654
132,175165.79906636974,39347.51466607167,405961.2201025821,30421.624025478202,37636.512999473576,1.6556637465429954e-08,1.8664554936355654e-08,-176080.48773667272
133,199999.99999832225,34999.999999569605,500000.0000004244,29999.99999974596,40000.00000024304,1.250173538642633e-08,1.997781370504056e-08,-175958.15053692154
134,107639.17011566806,34094.29816693601,403867.56674298993,22726.70277044086,41718.23702628434,1.449707175165649e-08,2.3576969079886298e-08,-176086.6547419597
135,199999.99999832225,34999.999999569605,500000.0000004244,29999.99999974596,40000.00000024304,1.2501742053396433e-08,1.9977813686046754e-08,-175958.15053534816
136,167208.7786235155,32743.37441644886,594635.5369776824,21464.25248176215,30499.96763769606,1.0235683595461804e-08,1.9529715740279587e-08,-176019.37602949401
137,199999.99999832225,34999.999999569605,500000.0000004244,29999.99999974596,40000.00000024304,1.2501747689629642e-08,1.9977813470901636e-08,-175958.1505339419
138,125409.03287971768,34753.37216570841,585562.9878821381,25827.337930324407,46570.27919264094,1.2963852830195474e-08,2.086846501994831e-08,-176069.90424494262
139,199999.99999832225,34999.999999569605,500000.0000004244,29999.99999974596,40000.00000024304,1.2501750316340562e-08,1.997781329824221e-08,-175958.15053325618
140,214347.77289996954,37321.99273057925,514241.7780303955,25232.57717108381,30067.10219908733,1.138706068011827e-08,2.279079578589244e-08,-176045.76171295732
141,199999.99999832225,34999.999999569605,500000.0000004244,29999.99999974596,40000.00000024304,1.2501751829934669e-08,1.9977813241098044e-08,-175958.15053287908
142,298279.5982206731,37870.18410977093,562424.8557468567,39698.15858275346,40968.93935346511,5.1108772181879844e-09,1.6561095934303886e-08,-175973.67782491448
143,199999.99999832225,34999.999999569605,500000.0000004244,29999.99999974596,40000.00000024304,1.2501752586950699e-08,1.9977813213244983e-08,-175958.15053268857
144,280012.1850426961,39809.364972135656,564848.7336563973,26030.06982238826,44410.0584837315,1.4070450926689726e-08,1.816205199305254e-08,-175995.25139251794
145,199999.99999832225,34999.999999569605,500000.0000004244,29999.99999974596,40000.00000024304,1.2501753019850517e-08,1.997781320267557e-08,-175958.1505325856
146,197424.59849260887,30372.201908015344,435248.29731687414,37874.92316152366,35732.96516126975,1.1593341979246012e-08,2.1736913416975308e-08,-175961.5081634199
147,199999.99999832225,34999.999999569605,500000.0000004244,29999.99999974596,40000.00000024304,1.2501753193057077e-08,1.997781319388502e-08,-175958.15053254174
148,119779.25158357159,39139.33206700608,428734.36260788306,39103.624867884646,49449.05051469355,8.269569534678916e-09,2.407464013686398e-08,-176001.095826388
149,199999.99999832225,34999.999999569605,500000.0000004244,29999.99999974596,40000.00000024304,1.2501753265237602e-08,1.997781318926229e-08,-175958.15053252198
150,295304.6602388098,39979.310130175385,440971.57426379866,39039.46968268371,38310.7150666721,1.0236975514711412e-08,2.0638296310175654e-08,-176086.51986902248
151,199999.99999832225,34999.999999569605,500000.0000004244,29999.99999974596,40000.00000024304,1.2501753314442167e-08,1.9977813186410384e-08,-175958.15053250905
152,110989.31328956003,33282.64161993851,409905.97939469496,36138.03313781295,41233.94785518425,5.17159103188373e-09,2.3508007360791907e-08,-176044.94624429333
153,199999.99999832225,34999.999999569605,500000.0000004244,29999.99999974596,40000.00000024304,1.250175332781085e-08,1.9977813185462624e-08,-175958.1505325058
154,103465.15393161369,32225.420739592082,468027.13958063745,21711.804964740797,49897.15377223276,1.9688227539803778e-08,2.563530521771431e-08,-176058.65795356402
155,199999.99999832225,34999.999999569605,500000.0000004244,29999.99999974596,40000.00000024304,1.250175333515172e-08,1.997781318516985e-08,-175958.15053250414
156,218131.35539692437,30083.978886495934,565654.8873619974,22262.23119546746,31524.506839756305,1.1879700552019681e-08,2.1879922838050483e-08,-176053.42841235237
157,199999.99999832225,34999.999999569605,500000.0000004244,29999.99999974596,40000.00000024304,1.2501753341174525e-08,1.997781318431459e-08,-175958.15053250254
158,193333.23773571994,39686.1097189177,595771.0846889269,34147.7029290282,40937.36307237382,1.5426172157661482e-08,2.1372360379404576e-08,-176056.0692150454
159,199999.99999832225,34999.999999569605,500000.0000004244,29999.99999974596,40000.00000024304,1.250175334117617e-08,1.997781318428907e-08,-175958.15053250256
160,281002.13589408714,36332.47454639156,574444.6004425,38046.9145150831,40705.30097262424,1.4436902379255191e-08,1.1156223114740488e-08,-176310.33776216424
161,199999.99999832225,34999.999999569605,500000.0000004244,29999.99999974596,40000.00000024304,1.2501753341174266e-08,1.9977813184318752e-08,-175958.1505325027
162,119472.39195122782,39671.88577006695,598867.5754456786,30021.15878747208,42701.18137761867,1.1100738371455192e-08,1.969376080407247e-08,-176086.64347417047
163,199999.99999832225,34999.999999569605,500000.0000004244,29999.99999974596,40000.00000024304,1.2501753341181702e-08,1.9977813184203562e-08,-175958.15053250303
164,297552.831097974,30377.972402915817,416604.4128428098,27173.18348138117,40849.2877766324,1.1937833590436132e-08,1.9167189072082596e-08,-176005.60040407022
165,199999.99999832225,34999.999999569605,500000.0000004244,29999.99999974596,40000.00000024304,1.2501753341177353e-08,1.9977813184271096e-08,-175958.1505325026
166,181335.2541330107,39712.70641532818,595837.9402265223,37149.40301319358,48704.85609341493,1.6703802384591887e-08,1.8668966553104937e-08,-175983.38448299307
167,199999.99999832225,34999.999999569605,500000.0000004244,29999.99999974596,40000.00000024304,1.2501753341185726e-08,1.9977813184141858e-08,-175958.15053250256
168,297088.47782221425,34088.69495570039,584079.7361430097,32066.8704760681,31410.717270658784,1.9972638795763194e-08,1.7715350364022225e-08,-176010.81398349965
169,199999.99999832225,34999.999999569605,500000.0000004244,29999.99999974596,40000.00000024304,1.2501753341231943e-08,1.9977813184264707e-08,-175958.1505325028
170,164189.80837952497,30321.60322289517,448252.08737769147,31312.6596721315,30609.88851536095,7.699207803087349e-09,2.1266261999624057e-08,-175980.87622128136
171,199999.99999832225,34999.999999569605,500000.0000004244,29999.99999974596,40000.00000024304,1.2501753341216813e-08,1.9977813184377786e-08,-175958.1505325027
172,214786.97081964207,31378.55983959192,403018.08646248037,25484.349388303275,49812.31782542309,1.9489774692493816e-08,2.1027675529332125e-08,-175962.4681508196
173,199999.99999832225,34999.999999569605,500000.0000004244,29999.99999974596,40000.00000024304,1.2501753341179219e-08,1.997781318432533e-08,-175958.15053250268
174,265786.37743683497,30490.798643078317,580490.4916783236,31577.698444928297,44487.894349387934,1.3393145397453589e-08,2.063410775048897e-08,-176110.52418770478
175,199999.99999832225,34999.999999569605,500000.0000004244,29999.99999974596,40000.00000024304,1.2501753341175387e-08,1.9977813184337833e-08,-175958.15053250265
176,269357.58839652507,39878.25583813741,431488.94032668904,39540.161773142085,48289.74811069592,8.415585845190842e-09,2.2323466402380315e-08,-176108.19191347354
177,199999.99999832225,34999.999999569605,500000.0000004244,29999.99999974596,40000.00000024304,1.2501753341173897e-08,1.9977813184344196e-08,-175958.15053250265
178,201314.7291170195,38972.827071678636,415974.9131161569,39331.19410251848,40113.81178739402,1.7418280313144826e-08,1.7239666113384284e-08,-176083.06698919146
179,199999.99999832225,34999.999999569605,500000.0000004244,29999.99999974596,40000.00000024304,1.2501753341173106e-08,1.997781318434737e-08,-175958.15053250256
180,187139.28611852098,39058.39628086933,578997.7220918152,26757.267509384896,30163.49340051704,1.518977544503505e-08,1.7464190075745542e-08,-175999.84392878693
181,199999.99999832225,34999.999999569605,500000.0000004244,29999.99999974596,40000.00000024304,1.250175334117273e-08,1.997781318434896e-08,-175958.15053250254
182,208062.82158005837,35372.18710565709,584779.6819184296,29835.410706908224,30826.608909316492,1.9794716080166664e-08,1.896226206619342e-08,-175971.55853194292
183,199999.99999832225,34999.999999569605,500000.0000004244,29999.99999974596,40000.00000024304,1.2501753341172557e-08,1.9977813184349768e-08,-175958.1505325024
184,292428.2220673901,30027.367101575775,417031.80803415173,21630.067631400754,33858.36537466177,8.44423002525088e-09,2.0139091018591306e-08,-176020.27292321774
185,199999.99999832225,34999.999999569605,500000.0000004244,29999.99999974596,40000.00000024304,1.2501753341173432e-08,1.9977813184348388e-08,-175958.15053250254
186,145328.92057439155,31016.82969686916,403467.3508231954,30265.85254230955,49433.813682827924,9.878195425671645e-09,2.1932591217707764e-08,-176013.36953188444
187,199999.99999832225,34999.999999569605,500000.0000004244,29999.99999974596,40000.00000024304,1.2501753341172997e-08,1.997781318434908e-08,-175958.15053250245
188,148418.73137608147,30197.20064706327,417610.38094182586,20116.20211681624,38931.46722350532,5.681138340247112e-09,2.06487560013797e-08,-176093.0658716767
189,199999.99999832225,34999.999999569605,500000.0000004244,29999.99999974596,40000.00000024304,1.2501753341172772e-08,1.997781318434942e-08,-175958.15053250245
190,182156.2737804679,30016.720922039007,454701.99013214215,24885.51266197122,39643.5357509829,8.756726779404284e-09,2.309057456375851e-08,-175971.16827344
191,199999.99999832225,34999.999999569605,500000.0000004244,29999.99999974596,40000.00000024304,1.2501753341172664e-08,1.9977813184349593e-08,-175958.15053250242
192,275255.63319621666,38684.918229590185,422860.67065713846,39846.39220263701,49308.0623437752,1.2540815691881954e-08,1.656646475472956e-08,-176010.28598715103
193,199999.99999832225,34999.999999569605,500000.0000004244,29999.99999974596,40000.00000024304,1.250175334117266e-08,1.9977813184349768e-08,-175958.1505325024
194,177818.24960961242,33239.23973779644,419231.3349507992,29318.404942450758,30476.540451564208,1.867334044999637e-08,2.4395467659616136e-08,-175971.1541302505
195,199999.99999832225,34999.999999569605,500000.0000004244,29999.99999974596,40000.00000024304,1.2501753341172608e-08,1.9977813184349768e-08,-175958.1505325024
196,292864.3851779696,37507.72336240998,416164.633047567,28294.99561351443,31561.03730286241,8.652074983281195e-09,2.0072497910763222e-08,-176025.04676572318
197,199999.99999832225,34999.999999569605,500000.0000004244,29999.99999974596,40000.00000024304,1.2501753341172582e-08,1.9977813184349768e-08,-175958.1505325024
198,116626.2316715845,31433.971990156526,425845.7481510157,21318.392345632805,30139.798797354302,1.2602929448266193e-08,2.4724783649335198e-08,-176027.77308068363
199,199999.99999832225,34999.999999569605,500000.0000004244,29999.99999974596,40000.00000024304,1.250175334117257e-08,1.9977813184349768e-08,-175958.1505325024
200,181523.80331636692,33791.672953645364,596476.6197869116,22181.690943739348,38701.708425856465,1.6160209950086255e-08,2.257569916214241e-08,-176082.25300629588
201,199999.99999832225,34999.999999569605,500000.0000004244,29999.99999974596,40000.00000024304,1.2501753341172563e-08,1.9977813184349768e-08,-175958.1505325024
202,249491.7883600349,33342.90080794969,418877.2434907755,38886.845452094145,33667.03833168736,1.5191227938817738e-08,2.2766133910042652e-08,-176066.55901421327
203,199999.99999832225,34999.999999569605,500000.0000004244,29999.99999974596,40000.00000024304,1.250175334117256e-08,1.9977813184349768e-08,-175958.1505325024
204,193046.08190717222,35068.15393306434,451356.4896071225,20160.23425003617,48750.78916707216,5.181305611011418e-09,2.0849803669576906e-08,-175982.66697676864
205,199999.99999832225,34999.999999569605,500000.0000004244,29999.99999974596,40000.00000024304,1.2501753341172558e-08,1.9977813184349768e-08,-175958.1505325024
206,121511.6051727265,38769.663260182904,587046.2040530234,21067.365009760695,39665.5146662194,1.7074605234431054e-08,2.2814811393234575e-08,-176093.5699005794
207,199999.99999832225,34999.999999569605,500000.0000004244,29999.99999974596,40000.00000024304,1.2501753341172557e-08,1.9977813184349768e-08,-175958.1505325024
208,294303.14168300666,36630.62609511789,590354.3391472134,30838.39019200635,49817.78231966018,1.1921303355357197e-08,1.816102248987678e-08,-176031.71263624541
209,199999.99999832225,34999.999999569605,500000.0000004244,29999.99999974596,40000.00000024304,1.2501753341172557e-08,1.9977813184349768e-08,-175958.1505325024
210,111229.822696064,35078.45259539403,553312.3796412786,35654.64478850456,31863.638022985233,1.3835850379357128e-08,2.383339952662067e-08,-176070.40644904616
211,199999.99999832225,34999.999999569605,500000.0000004244,29999.99999974596,40000.00000024304,1.2501753341172557e-08,1.9977813184349768e-08,-175958.1505325024
212,293963.32093873096,35335.82726842239,554820.3876657522,21120.251964153882,39991.6829589414,8.047630886502894e-09,1.861918271935326e-08,-176027.90117325756
213,199999.99999832225,34999.999999569605,500000.0000004244,29999.99999974596,40000.00000024304,1.2501753341172557e-08,1.9977813184349768e-08,-175958.1505325024
214,103048.55762728381,39097.70105058104,566196.938414719,28482.719345579524,42156.957059544635,1.4937165239284643e-08,2.555929434663772e-08,-176146.36962521018
215,199999.99999832225,34999.999999569605,500000.0000004244,29999.99999974596,40000.00000024304,1.2501753341172557e-08,1.9977813184349768e-08,-175958.1505325024
216,125036.68067134805,32214.987501079057,408369.8784466265,30733.96186685333,40800.69264845729,6.131718719005356e-09,2.1447329649645222e-08,-176093.26895978607
217,199999.99999832225,34999.999999569605,500000.0000004244,29999.99999974596,40000.00000024304,1.2501753341172557e-08,1.9977813184349768e-08,-175958.1505325024
218,289722.7050853558,39779.854900800194,566137.0554325094,27800.904235666363,32911.22078636996,1.889634889235555e-08,2.2206904851661986e-08,-176305.60216681138
219,199999.99999832225,34999.999999569605,500000.0000004244,29999.99999974596,40000.00000024304,1.2501753341172557e-08,1.9977813184349768e-08,-175958.1505325024
220,128890.25777729595,35173.268586280865,428316.4300547434,31080.649089788858,31022.714475406945,1.959088712190903e-08,2.0335003782862946e-08,-176109.00662486444
221,199999.99999832225,34999.999999569605,500000.0000004244,29999.99999974596,40000.00000024304,1.2501753341172557e-08,1.9977813184349768e-08,-175958.1505325024
222,294413.24666936375,30486.31049478701,436799.19512222597,34315.24527569278,36612.74704429576,1.8416944433005784e-08,1.778956455054927e-08,-175999.1288328467
223,199999.99999832225,34999.999999569605,500000.0000004244,29999.99999974596,40000.00000024304,1.2501753341172557e-08,1.9977813184349768e-08,-175958.1505325024
224,208109.11232750973,36060.73617977094,418989.44109804154,35889.81604714681,44180.67950470456,1.0528131180380208e-08,1.9188578358102606e-08,-175981.25318327668
225,199999.99999832225,34999.999999569605,500000.0000004244,29999.99999974596,40000.00000024304,1.2501753341172557e-08,1.9977813184349768e-08,-175958.1505325024
226,197350.36001423755,39858.795344707716,544749.5213933185,39865.92828391494,30687.34767074375,1.928870558296541e-08,2.0246565274141267e-08,-175992.26287134798
227,199999.99999832225,34999.999999569605,500000.0000004244,29999.99999974596,40000.00000024304,1.2501753341172557e-08,1.9977813184349768e-08,-175958.1505325024
228,193843.46453485184,39887.6461719026,596245.5960374605,21840.139347863078,49987.33504917659,1.1554258564642398e-08,1.947691247741655e-08,-176003.87033783045
229,199999.99999832225,34999.999999569605,500000.0000004244,29999.99999974596,40000.00000024304,1.2501753341172557e-08,1.9977813184349768e-08,-175958.1505325024
230,212040.72989755042,30081.583896506887,495528.65179759596,30668.77247854453,32550.879894088503,6.7321096298158944e-09,2.330799304787004e-08,-176047.25574908088
231,199999.99999832225,34999.999999569605,500000.0000004244,29999.99999974596,40000.00000024304,1.2501753341172557e-08,1.9977813184349768e-08,-175958.1505325024
232,105236.8324771031,30225.215264570197,594889.9735434451,29500.152653667974,49399.94513807533,1.309187157653903e-08,2.309988018838834e-08,-176127.26108693657
233,199999.99999832225,34999.999999569605,500000.0000004244,29999.99999974596,40000.00000024304,1.2501753341172557e-08,1.9977813184349768e-08,-175958.1505325024
234,175482.94327623307,36816.73496073808,597142.1052751758,20191.224908345903,42537.822612446915,1.500768708963502e-08,2.0173545668736456e-08,-176016.46547015265
235,199999.99999832225,34999.999999569605,500000.0000004244,29999.99999974596,40000.00000024304,1.2501753341172557e-08,1.9977813184349768e-08,-175958.1505325024
236,294687.13694039715,35985.861006532024,489620.89987687307,34257.38269633759,49767.008303827955,8.059094434651339e-09,2.104131107035915e-08,-176131.53924755598
237,199999.99999832225,34999.999999569605,500000.0000004244,29999.99999974596,40000.00000024304,1.2501753341172557e-08,1.9977813184349768e-08,-175958.1505325024
238,178733.88319143356,39221.50012178015,470320.0103765719,30201.739086547866,49406.10634275763,8.302009247335864e-09,2.1488910944358574e-08,-175965.31780623758
239,199999.99999832225,34999.999999569605,500000.0000004244,29999.99999974596,40000.00000024304,1.2501753341172557e-08,1.9977813184349768e-08,-175958.1505325024
240,204728.3006757528,39880.35484143633,521619.5235428313,34379.315833957924,30215.55186363031,9.904697230532839e-09,1.7558105449512194e-08,-175979.5464005911
241,199999.99999832225,34999.999999569605,500000.0000004244,29999.99999974596,40000.00000024304,1.2501753341172557e-08,1.9977813184349768e-08,-175958.1505325024
242,101284.6920991116,36777.646877379506,594837.7726576879,39401.44693305036,44322.992224464004,1.1643712531582941e-08,2.3171775107751857e-08,-176120.6770470172
243,199999.99999832225,34999.999999569605,500000.0000004244,29999.99999974596,40000.00000024304,1.2501753341172557e-08,1.9977813184349768e-08,-175958.1505325024
244,231097.37617754476,35920.980915513515,461269.0753143584,37903.40777479385,37523.37164574437,1.108625091013366e-08,2.0374142331117646e-08,-175971.23786179785
245,199999.99999832225,34999.999999569605,500000.0000004244,29999.99999974596,40000.00000024304,1.2501753341172557e-08,1.9977813184349768e-08,-175958.1505325024
246,102705.02030559641,36016.56451412021,431208.81713773555,26030.69057867673,49422.59224273776,1.1572708599270053e-08,2.7280461030452924e-08,-176035.42542834138
247,199999.99999832225,34999.999999569605,500000.0000004244,29999.99999974596,40000.00000024304,1.2501753341172557e-08,1.9977813184349768e-08,-175958.1505325024
248,199450.62757624433,35496.11685815025,408909.1855613909,39848.167804719305,48984.45764887924,1.0554755805648528e-08,2.1142548361546254e-08,-175960.75215596188
249,199999.99999832225,34999.999999569605,500000.0000004244,29999.99999974596,40000.00000024304,1.2501753341172557e-08,1.9977813184349768e-08,-175958.1505325024
250,251896.62044617813,30674.49113456764,586141.3168202296,25543.03655651376,32259.831519176678,1.3341207726313027e-08,1.8802026106760893e-08,-175987.93057303302
251,199999.99999832225,34999.999999569605,500000.0000004244,29999.99999974596,40000.00000024304,1.2501753341172557e-08,1.9977813184349768e-08,-175958.1505325024
252,294681.2472771526,32443.374038195794,569603.0756309446,39861.14967473838,37875.94938535217,7.653466811892545e-09,1.657492378302765e-08,-175968.692109969
253,199999.99999832225,34999.999999569605,500000.0000004244,29999.99999974596,40000.00000024304,1.2501753341172557e-08,1.9977813184349768e-08,-175958.1505325024
254,230742.8968044836,36371.42427711036,400993.9721491762,24566.184396722703,44120.090425172595,1.1036270788848273e-08,1.9707617540265646e-08,-175975.68385864949
255,199999.99999832225,34999.999999569605,500000.0000004244,29999.99999974596,40000.00000024304,1.2501753341172557e-08,1.9977813184349768e-08,-175958.1505325024
256,248483.24968051308,39638.82812575455,595707.5429397029,31262.78112746601,39545.658193119554,9.145632366540217e-09,1.744075329650182e-08,-175965.35060366397
257,199999.99999832225,34999.999999569605,500000.0000004244,29999.99999974596,40000.00000024304,1.2501753341172557e-08,1.9977813184349768e-08,-175958.1505325024
258,290137.5467622564,39891.57360793473,419268.7899601965,20320.942822240653,38363.02095101597,1.5587935252118135e-08,1.7106115490264835e-08,-176011.8505369285
259,199999.99999832225,34999.999999569605,500000.0000004244,29999.99999974596,40000.00000024304,1.2501753341172557e-08,1.9977813184349768e-08,-175958.1505325024
260,211302.53058631788,30120.669548774258,448711.7352419789,39002.10000079908,44323.20407608384,5.290175201282957e-09,1.8621800010343207e-08,-175981.79030460012
261,199999.99999832225,34999.999999569605,500000.0000004244,29999.99999974596,40000.00000024304,1.2501753341172557e-08,1.9977813184349768e-08,-175958.1505325024
262,245947.03723252044,34600.700775269695,590150.2168905508,39573.65505781055,33296.44236165927,8.510726322163412e-09,1.882190119321254e-08,-176002.40800064182
263,199999.99999832225,34999.999999569605,500000.0000004244,29999.99999974596,40000.00000024304,1.2501753341172557e-08,1.9977813184349768e-08,-175958.1505325024
264,226912.03394292045,30211.33993162394,406847.45560393267,36289.362054217,38626.356541747125,1.1185678797315917e-08,1.9962750498305117e-08,-175970.8043372948
265,199999.99999832225,34999.999999569605,500000.0000004244,29999.99999974596,40000.00000024304,1.2501753341172557e-08,1.9977813184349768e-08,-175958.1505325024
266,105635.18767271633,39877.089445884405,459151.0461717187,28854.67871297496,31285.19295364335,1.2376511568524888e-08,1.7462038005559984e-08,-176401.5012388062
267,199999.99999832225,34999.999999569605,500000.0000004244,29999.99999974596,40000.00000024304,1.2501753341172557e-08,1.9977813184349768e-08,-175958.1505325024
268,174534.06882974983,30011.817243493297,586493.5328150117,27211.084605694916,46257.53141936988,1.0802099961253762e-08,2.085257578672898e-08,-176014.25451872745
269,199999.99999832225,34999.999999569605,500000.0000004244,29999.99999974596,40000.00000024304,1.2501753341172557e-08,1.9977813184349768e-08,-175958.1505325024
270,209562.046118533,38978.57970483016,563119.7914529095,20132.695522550322,30321.64809126968,1.315549591120088e-08,1.9530035754887894e-08,-175980.86327230098
271,199999.99999832225,34999.999999569605,500000.0000004244,29999.99999974596,40000.00000024304,1.2501753341172557e-08,1.9977813184349768e-08,-175958.1505325024
272,297767.6336240442,36257.38803487411,432726.7122429732,39917.26616058158,34421.89720861082,1.5621181233825006e-08,1.6047823271568423e-08,-176025.04450782365
273,199999.99999832225,34999.999999569605,500000.0000004244,29999.99999974596,40000.00000024304,1.2501753341172557e-08,1.9977813184349768e-08,-175958.1505325024
274,125346.08062720601,39869.34839595157,521828.8816405423,38338.48174064228,44080.98473405869,6.922069820754693e-09,1.786850753760187e-08,-176141.46198677484
275,199999.99999832225,34999.999999569605,500000.0000004244,29999.99999974596,40000.00000024304,1.2501753341172557e-08,1.9977813184349768e-08,-175958.1505325024
276,225432.65180654018,35500.424731194384,444581.9425250052,21848.60287761844,31087.333313892108,1.92833041518182e-08,1.8379947759982216e-08,-175995.5696574554
277,171315.07866231765,39897.42633745792,455754.9749875422,27460.704847441688,37164.57428767749,1.3059474639024976e-08,2.3283713581603576e-08,-175971.72511652918
278,232796.81422186416,37248.529886121585,597414.257479835,39593.642585659545,47268.434677164834,1.5018400185514335e-08,1.793457703506564e-08,-175972.06153885208
279,291134.10768477543,33532.07281972116,566784.150145048,39172.483590348216,40824.968112196875,7.558049079875824e-09,2.1114947482466738e-08,-176226.5804396779
280,168720.44367232514,34107.370134592056,599458.0872668705,38977.626488619484,46540.578693421805,1.6276626157270084e-08,1.9611191834485624e-08,-175998.6169709888
281,197180.64731712732,38173.234167682385,550601.0927054858,27055.01080284601,43933.65152237718,6.249380264615429e-09,2.0613305030809773e-08,-175998.6401133692
282,299060.22909528424,39993.96274184004,538336.8767851498,20257.66389315507,49864.862383861415,1.6265621965644966e-08,1.754230209067347e-08,-175990.18276577487
283,105024.98757768422,36862.89695459442,587229.8506662147,21153.266539685592,43656.38794488388,6.029212932674216e-09,2.74374791619673e-08,-176292.86034886478
284,249177.8754468958,33162.53076696285,416734.42581326235,28568.351425863653,39136.62743402451,1.9355078639132494e-08,2.1322386214851612e-08,-175991.95395269073
285,250458.31370928988,36718.04217313822,502171.8024828285,28340.985632215263,34951.71106529343,1.3669407590158998e-08,1.7676990021343526e-08,-175961.70025127908
286,100574.71709531356,30432.325148796837,583769.1751981843,39117.12145938842,36551.72536001034,1.3758875110406232e-08,2.1404826118729438e-08,-176101.00312941635
287,190489.1847564659,34388.34073408594,577519.9943488565,30912.997244769576,31781.898777925056,6.7589243270185645e-09,2.2062917562597984e-08,-176057.57566190572
288,184904.30766884415,30693.352736752822,424358.6652890522,26289.54968843312,34314.52777839995,8.700251756901678e-09,1.9476043359330463e-08,-176023.42686468217
289,218149.1859301236,38426.51709736393,591622.5247834944,39946.8318421745,48871.10383181784,1.3947852397508523e-08,2.059161443783896e-08,-176058.28491521598
290,291456.8050786321,30664.058799994473,442388.132611658,39888.272970159655,43848.33819117657,1.1515924239034097e-08,1.697690627779745e-08,-175992.4034965862
291,146287.0887263337,36941.639736226425,400293.11551616545,20617.035702861274,32796.113118675916,1.1241758925532078e-08,2.3058397595120867e-08,-176000.38098449973
292,297623.40318394604,30395.740918758456,458866.504502379,29559.870727421432,30846.408264965252,8.682610977371729e-09,1.682910816925125e-08,-175990.66684852974
293,154954.1603226098,39795.88357664099,598033.3874072563,34306.743163716834,49093.852010589384,1.0464712897505886e-08,2.348550715490501e-08,-176131.9367262337
294,185686.63612759367,32410.4790570835,578021.3814202794,37695.93603643136,31197.605240770732,1.914658340977169e-08,2.3505096224111923e-08,-176137.01006456083
295,112529.00884621302,35364.49529794998,592106.1145191927,20521.567948973072,49640.52450171606,7.4146053179458964e-09,2.2813352412773297e-08,-176142.45916281434
296,297929.1657919134,39568.68452406716,589493.731624723,27173.80105625355,35416.3837201663,6.841858884850332e-09,1.642365522588003e-08,-175974.74863686672
297,274140.24363046663,36274.39733466348,594484.8379674042,20436.837302334683,47879.79151239702,1.3406445654916806e-08,1.8846060325302178e-08,-176036.25475255915
298,101990.40104620352,33397.93870734949,443430.2880570309,38070.169163087034,49830.05220934948,8.637873738997892e-09,2.3876087449270473e-08,-176049.67874676542
299,168262.1787020745,36089.39963241151,424648.8342107903,20616.445891764175,33346.89706909743,1.4251156501665141e-08,2.0515776261285942e-08,-176018.52094933126
300,199389.1273331737,30033.70147449658,495528.35950163007,37632.45346725219,49799.61829609408,1.5335446179541935e-08,2.0283618326141694e-08,-175961.8477840629
301,290292.2551696221,35124.54612858848,552734.7900007027,21308.76191965378,30628.240968805687,9.51465164352113e-09,1.7660167828251498e-08,-175985.16524142667
302,275300.4029753277,39732.480066798205,416057.4489910467,31889.28083496965,48803.812204686415,8.10608695879995e-09,1.7391015864377146e-08,-175993.0077935788
303,110579.07512546098,30183.495098883384,537014.0422553914,24467.397515900884,32706.63974341702,8.174953428035742e-09,1.9845071122868167e-08,-176165.19751156063
304,211249.1880606346,37973.75568670485,586229.3532396015,31258.244261993903,43913.54454209112,1.4381242285076341e-08,1.864505224241422e-08,-175970.52812874602
305,100793.50077963482,35009.16178939713,421010.8527154596,35274.2139607084,43796.397249567795,1.783807648821001e-08,2.5771689232609327e-08,-176027.5274829916
306,272205.84294009086,37603.192832572946,415249.5235048143,38688.82621220655,30364.494489754394,5.028857824140918e-09,2.1763203938701033e-08,-176071.76673133418
307,182218.94437474362,31958.496684027195,585119.9441475102,37228.48334975643,32625.412371865117,9.838668721887895e-09,2.045667823034247e-08,-176000.70589627582
308,254896.88201920423,33282.28897577746,414369.60791173123,31749.47183349783,33704.307000225606,1.6573371568205214e-08,1.88016568010418e-08,-175984.99029397854
309,100625.3710524753,30354.967335682057,471307.2821846434,39724.32859247156,39434.24877900451,7.972735566922708e-09,2.4926963232115943e-08,-176047.34799348647
310,165047.70398941793,38674.567530278015,411107.23610891926,38781.08941518071,38343.676946378226,1.5091881626862484e-08,2.0505559756999678e-08,-176003.2543194564
311,218372.18962328433,34339.549868916896,564600.4460003289,38750.990489436954,41156.24734181647,1.776560682621171e-08,1.8177502477413967e-08,-175964.02024462668
312,224931.69620934068,34415.07118493371,565081.3321742453,25996.462829996737,49609.99411629792,1.9931971379989777e-08,2.1120804759947056e-08,-176044.05103887207
313,184363.06900347106,31242.70684276539,562398.8231122026,23202.05885461385,30190.4585478583,1.000573402870705e-08,2.4177397303087718e-08,-176114.76089956478
314,297103.72165154334,34656.26619645148,488507.46244040295,37881.48245703992,44293.9889999033,6.377317706886285e-09,1.7022619214523e-08,-175974.5997436548
315,159693.1604936659,37001.675294044835,435970.92708326824,38496.4785346797,36664.1302289432,1.1859217051002458e-08,2.2575374322803127e-08,-175967.98324339298
316,243100.5884567033,38518.08932063047,405231.4590073458,39005.41876082741,30913.330191467667,1.8333021604936104e-08,1.6954803308704832e-08,-176053.8675910063
317,130979.07724805477,37181.337481208866,598012.7102190615,29052.862599609274,35627.940807656436,1.6702181003104575e-08,2.373796066164549e-08,-176105.98640742162
318,195264.5501311881,36433.05553708706,447259.4318428081,38925.970651529045,32279.111078605434,1.840133922410863e-08,1.9228970751622928e-08,-175986.1143942948
319,241105.96634973737,39082.91449759754,556305.3303294181,34510.77946239754,34196.54774945849,5.908929396089565e-09,1.9458004074818006e-08,-176000.32508264945
320,299508.6950401109,35319.25277281521,400946.820838567,39328.288051491916,48856.16571886714,7.1874463968919575e-09,1.8662842850045846e-08,-176007.6678240867
321,237987.53919777245,38945.242247390255,413977.62600100954,23628.961687538787,32485.427983175592,1.6820110206851265e-08,1.6986380226725778e-08,-176063.89891245423
322,175450.04936093232,35644.025771333276,419640.87082961336,28741.829044331156,46380.27167875491,1.4680128982737963e-08,1.9689342927654852e-08,-176015.7254606241
323,107061.09187357956,35730.521058538456,408946.01218871435,20716.654662219444,31073.028003202056,1.3878192433901454e-08,2.7569595793932592e-08,-176015.2763903076
324,209962.56499162235,39543.673935789906,579243.7069474409,22603.73985183251,42275.724331441575,1.7756000763621593e-08,1.867578420086704e-08,-175975.07253796316
325,170085.54704496058,30247.72581513986,588774.8071241304,36437.01171584999,41749.66287978084,5.220270978039957e-09,2.205225168620526e-08,-176061.77933415264
326,117049.45757702211,39755.22716101938,425551.593634684,33256.725538707,36782.48265688277,1.8842148438007462e-08,2.1007968474807973e-08,-176103.66283007187
327,252965.04348480137,39732.354436586196,533185.85093738,30879.09604158252,46295.3619765185,1.5113656508264147e-08,2.0530860528501584e-08,-176043.15652206226
328,299763.63014406356,38228.03190561909,410082.6593489679,25082.463558365635,39021.930556359934,7.240185450562188e-09,1.895922524745113e-08,-176010.5463701481
329,191313.24083999562,39734.50862018399,592135.0175766626,38979.991352151505,32110.628112190305,1.6930439985993524e-08,1.5969251395320702e-08,-176022.84959809296
330,283329.4037407042,31266.05061856019,430001.82093353214,20232.81640745367,49524.75834341718,1.8207342092424624e-08,1.9196603135800775e-08,-175990.65433360715
331,294772.9258794687,32454.856686961306,550493.6615890918,25392.199128064538,36745.097567172445,1.417168508849492e-08,1.7916380539236224e-08,-175991.3003162273
332,202998.29318138867,31206.845404122174,505400.8623639522,20525.583272809487,46367.51799421672,8.296084368865303e-09,2.3011706895790142e-08,-176034.60301693846
333,110052.9513328333,30830.243049568297,412788.76789238275,27502.982388018492,43899.90599428491,1.4668171189901036e-08,2.5075406363131996e-08,-176024.41679209244
334,103902.85786864057,30100.29331909873,574616.6349316977,20508.705843315485,43697.38058747875,1.1463854123153188e-08,2.4635145651243682e-08,-176156.63243939867
335,281662.05085661093,30720.60484433994,406477.70944175933,32299.254338018567,30008.727477871416,1.2284846132768432e-08,2.3631226941489956e-08,-176164.88645581255
336,251646.28280623283,36071.64212009616,498082.1563211531,36007.11066485131,37318.22429304567,6.3367387381398515e-09,1.7550764606983857e-08,-175962.1990867851
337,100646.37209396495,34066.613004035506,568680.5908566057,37698.10521480621,42022.577316589006,1.77940064320343e-08,1.9594837385223615e-08,-176141.1208883771
338,233858.9186615441,32509.123683746147,461485.1496391042,20898.432879064476,37003.409921584185,5.036804084191627e-09,1.92709325316083e-08,-175981.75094783644
339,291334.52666603855,34849.49266407673,405549.86619956285,23904.10574916815,42071.056689617486,9.382071782939219e-09,2.071942259296751e-08,-176035.83573951205
340,158441.20613400056,33389.2732217505,576454.4159565181,39514.695965704464,49545.11823856094,7.948568057173705e-09,2.1843609973474013e-08,-176038.47724919644
341,283726.72087309416,31420.99624891938,573322.4202698024,38511.20962286834,30203.54677375906,1.246375929180977e-08,1.8183126543541617e-08,-176011.3850652928
342,167616.16022008873,35875.07151361438,401278.78907408955,25967.05558007473,45759.2919895942,8.658774766458026e-09,2.2280334460636947e-08,-175972.27831323756
343,233003.8434102275,36871.86387131855,405983.1694009709,32425.216584571048,42648.59740855667,1.521395258683867e-08,2.1383254233767027e-08,-175976.45268379082
344,299132.72586319334,30305.049253812158,462559.79020962975,21005.661419421744,32908.825398307694,7.79685280319435e-09,1.7661725057893873e-08,-175994.12552242656
345,214468.76994395122,37789.36270646997,423818.7214248392,25626.30897429026,30498.846483235557,1.59150470611384e-08,2.003480615614375e-08,-175968.52708942705
346,103855.70727801864,34160.49424429177,486204.24656276416,23855.749989507458,39355.06381465348,8.879512285631655e-09,2.016414254041354e-08,-176202.59886159177
347,248745.82103218735,39460.76315600955,424265.55184293387,20259.252675649223,46298.345597692416,1.6079157405942957e-08,1.8506440036212225e-08,-175982.72324053422
348,219590.697795211,32462.324427003474,404143.8276764133,30108.059107310328,45551.734319642404,1.5189985139424367e-08,2.19101362832669e-08,-175965.63781884147
349,298167.1976944305,31477.550986340793,561068.643933111,33531.318721317024,44104.4992435094,1.1946593622092622e-08,1.7994627967639712e-08,-176008.4092337306
350,293747.4053382899,39454.27721444062,598371.3070302911,39810.269902679276,36580.99421278644,5.203605706011879e-09,1.803161741548396e-08,-176045.07014239996
351,238625.8583954697,33446.59987052546,405598.1529463821,32571.319396551713,48699.39916129076,8.342022470981826e-09,1.913004738975043e-08,-175975.48574797707
352,195905.24589075462,39806.27555360595,470261.6429989642,20691.735826856573,39543.44944321068,1.7388822288817556e-08,2.0618322803439533e-08,-175964.31669917484
353,102325.32756600535,33584.93751618178,585724.2661458655,38113.74487401308,36291.493419508304,1.4003091463192373e-08,2.5881245277312794e-08,-176183.4586260174
354,103767.3745315182,34571.85408900285,584389.1699265618,21321.069639455607,35829.4122952333,1.5342171564020007e-08,2.4725339894287304e-08,-176152.3211227784
355,298617.7337866159,34249.49711476576,405301.49076541804,33395.16919302572,37286.85517402513,8.524626517880906e-09,1.6943489235932483e-08,-176016.25723484886
356,203024.73900213547,36705.57024536299,589165.3546560688,25217.422354893646,36630.761144014505,1.9229904119500153e-08,2.0554754066873816e-08,-176011.57775086697
357,163752.5594319387,35948.74504741449,537965.7264088803,33027.610128752414,44050.353479399695,1.552237634464703e-08,2.134840939386532e-08,-175988.60481397898
358,289774.9737684676,31272.107757416918,400145.66674627404,21001.9951717797,49907.599463483755,9.922923094898407e-09,2.1439516594546756e-08,-176054.83626809542
359,233195.56989844417,32670.95178458246,581049.0026831906,27627.079221085067,37453.941348175686,7.767026078131859e-09,1.926933992744718e-08,-175992.18111370088
360,213230.55736716266,37397.3910950093,422011.3714808577,22310.05121925556,38802.45031097533,1.8043859586581047e-08,2.2033912834402084e-08,-175964.76457521165
361,115655.14275259906,30086.043947139133,454766.2073334708,20020.79437742452,48925.456508204865,1.347303579236612e-08,2.8632388794016906e-08,-176072.73838553065
362,199481.42379242773,32696.831786024144,412273.2746547222,34289.19644925071,43167.20377417629,6.4600280713536455e-09,2.0415409266758464e-08,-175969.88487579423
363,295449.45054066216,32945.787226228495,415793.4026611436,35857.059771403336,30165.156203643022,1.9794914020907743e-08,1.6652580753149756e-08,-176032.36897247416
364,190248.25793330636,39765.65122276813,415671.939806466,35186.472979185106,31239.396124068582,5.428234309416064e-09,2.1602367789164952e-08,-175964.2542759173
365,166749.69692039548,31372.7129422988,545139.9574926567,38942.862381758576,45541.18448074453,1.2368833842910093e-08,2.579029700742607e-08,-176187.76316817888
366,295870.5791717925,39568.17956809153,513504.5271884057,31836.506184015332,44086.27751651804,1.0198613889385317e-08,1.6119746561667746e-08,-175969.52982211782
367,296961.7287515184,39877.7997942118,501632.77288950386,26278.289417830314,49974.23422314128,6.063014239397941e-09,1.9211944461768725e-08,-176039.2109334468
368,164330.49433369952,35394.99671848857,421152.4057587156,39917.026652570865,48384.823298529074,1.2975426867695453e-08,1.846211581298422e-08,-176084.98870323627
369,279165.18189729366,39831.259573713134,411579.14352396864,38593.71732409428,42441.35174496631,8.64372826604963e-09,1.787196411278546e-08,-175990.50999398134
370,100758.19027463098,34778.38030580363,509535.0001705452,39840.83984666362,30203.908300910385,1.873188100282746e-08,2.1376108791096334e-08,-176088.74151856088
371,228241.83959758288,39832.79192821981,561257.3358184113,27577.91826755965,34127.23560268071,1.5596437437809513e-08,1.8975420746335445e-08,-175969.91359470983
372,223796.03884458248,32836.484364066266,404422.57625946216,20777.214922279374,35943.60054094013,1.5006149184598635e-08,2.1227755276066667e-08,-175966.53678341626
373,104298.2022193705,37112.25197560263,578851.8445624787,31722.993480572906,49423.88813629164,1.1568239546298523e-08,1.919918920161439e-08,-176153.78750226463
374,150862.86906253663,31318.93303579219,596203.8832731273,33296.85098016651,37395.197780567905,1.2090164168856538e-08,1.9889518979186353e-08,-176016.28124332704
375,103606.4491263737,30671.287503854823,598015.7044619566,38335.70718856719,43847.84303927487,1.5603962686573375e-08,2.325200011433364e-08,-176119.47279301204
376,269754.6218573839,35692.66663012767,519805.0878739164,28721.193542987567,30153.231301745935,9.890695203295277e-09,1.6309612721412158e-08,-175974.06200566617
377,239203.9478996357,36130.70408067819,499714.8762248198,33725.840148008836,30715.398011031713,1.8656444875395066e-08,2.0344704656136407e-08,-175992.96327714092
378,198470.10850233136,36927.791995958956,588411.6906925548,39770.80830027972,36053.924924954066,1.532199006117848e-08,2.1390408396683435e-08,-176063.66342188706
379,191361.7523015222,37734.55725958075,585042.7648876554,20639.690946064708,36645.78343784948,6.404644320747939e-09,1.859194606262807e-08,-176007.1317038536
380,241545.42818440538,33089.485322648936,576966.829768765,25941.516587092174,30332.66506791989,1.723418862681181e-08,1.7487879306743134e-08,-175960.28614983655
381,296754.890437198,32732.89835284932,541556.7880010888,25695.445724572983,36407.137137406826,1.492349654693818e-08,2.0597575278492393e-08,-176131.36865389746
382,125275.0091850701,36032.49025386704,564144.9948836977,20430.99226090483,30452.099178955836,6.231104822234994e-09,2.1792693385970276e-08,-176082.8790404766
383,196154.83967948356,36407.271340584644,583915.8959376432,34166.77482197348,37205.91232026964,1.1888992577498073e-08,1.848649710193693e-08,-175970.7752398877
384,254820.2257523014,33445.56115325,402760.30008433777,20089.880642131775,44221.047954611284,1.349487233431826e-08,1.9357890980528753e-08,-175983.62312408563
385,189198.70685464234,33205.99390484557,597918.6723928101,24468.548938820917,43584.06939377429,6.7598485357463524e-09,1.9949779889331042e-08,-176015.18835677707
386,184888.2084135485,39910.22575323757,445562.23937939183,34861.227070877,45145.324444182486,1.2213105984884799e-08,1.9750942950810885e-08,-175973.95729931298
387,290279.0270082135,35410.42373040339,408247.12526579323,32026.524844122163,33441.341474018685,1.4226304310463855e-08,2.3856599467402092e-08,-176225.0920051698
388,152631.93443359545,39151.97278635386,410426.26387714455,20619.962420109703,48810.53693366368,1.190531976281206e-08,1.896612820073162e-08,-176143.0292870649
389,295068.85827705526,30321.215080149457,518160.93611861515,29751.05411776855,49721.008535333836,1.3471983495093654e-08,1.862034277784086e-08,-176007.25886895234
390,101792.53682563144,38952.916435669875,464029.8498320485,23495.17445979552,49605.96770200325,1.4251034593813168e-08,2.4428927685480322e-08,-176062.0173631508
391,115380.65509914621,39820.19787950758,405069.0189613015,28280.694488413075,33684.470607289906,5.6464088852519746e-09,2.5999064185357647e-08,-176001.60226905093
392,173848.40572352783,34015.595363605564,401831.2592605881,37369.23419575475,36091.76590132942,1.6447323353144767e-08,2.042000122785591e-08,-176006.54971341873
393,175140.49823610828,39070.141908669735,581592.542828514,30913.299589081726,31224.04935261074,7.157735807895936e-09,2.1880348965674337e-08,-176045.26744391787
394,216961.12366311025,36660.560377861046,582340.9435405366,35590.44167561835,31229.94387998773,1.3924917879355224e-08,1.7901605712159805e-08,-175962.2271657493
395,298162.0123314897,38887.71785502789,430497.42383988143,37814.3891251038,38986.272557137156,1.4810695510179402e-08,2.3111064343180744e-08,-176258.10933137967
396,197100.4750209662,35587.955873528386,542325.0998623137,24710.595446711297,33879.11884839519,1.6837250769224396e-08,2.4531865601338912e-08,-176138.41718061458
397,257974.84441800177,31105.226511670633,579154.1655249267,39526.60069131134,38589.057418886085,1.0799553222321754e-08,1.8639434571565615e-08,-175998.44018859547
398,174356.96784011112,32978.16363675506,580822.0828302822,27477.429040704374,49253.17591379417,1.099649104380202e-08,2.2751097954347768e-08,-176075.52737526267
399,257968.44206076112,36601.97742389221,414794.66741356323,29607.41739084621,45035.786678707176,1.04869188935551e-08,1.8236501803105682e-08,-175983.73603473968
400,102286.88164241363,34150.92640376537,565163.7325285184,34038.04797468941,48441.30043783934,1.5604699617617772e-08,2.128741949056792e-08,-176102.50759669358
401,229308.05761378864,39580.69746725343,419809.58056139963,25528.775924107325,40875.15894757392,1.8775176384643148e-08,1.763545758127118e-08,-176026.2845545353
402,148063.49930834645,38135.23761311283,435592.40822188783,36709.78643913733,43767.76496126863,1.801133248274895e-08,2.4778271824790086e-08,-175987.3461533542
403,111013.9780341989,36447.46776694499,499854.43076033995,39629.27891317413,49999.97272791752,1.9815617373186693e-08,2.5311812571538517e-08,-176060.80044151482
404,218257.23233309062,30789.957278325703,445825.5319864515,20498.595088516326,30389.79668611596,1.7563632274497755e-08,1.8807219935312416e-08,-175994.81766754878
405,248186.85273046602,39577.62880788209,594198.016079185,35438.205875662214,47326.20702856108,1.7417497562112457e-08,1.734532003460944e-08,-175965.31684122296
406,181512.8407342104,30976.485694444807,467722.42118380615,20669.658513682734,48145.74868885429,5.179135288249484e-09,2.0625408674492894e-08,-175994.93433574942
407,187368.29710243683,36438.29141703579,417364.9502444143,33274.544415038006,49751.96519912231,1.106783255349184e-08,2.225087224837257e-08,-175955.91870304116
408,216393.53150351995,35017.260254063855,443694.8816917313,20008.699257096705,49999.83745442146,1.99941464491271e-08,1.0008028410167263e-08,-177218.819201811
409,249821.83732270307,34548.32769266259,436383.3036473012,20125.424129561226,40230.47506752473,8.7992580369268e-09,2.221495483078041e-08,-176023.37110300665
410,179311.85652563165,32368.477531686854,400000.0,40000.0,50000.0,2e-08,1e-08,-177523.25540673113
411,226216.76896011463,39486.42762089484,413588.91353884677,25180.479263335175,44107.24182794643,6.621237663096184e-09,2.0828105591313207e-08,-175968.85671040186
412,189179.35540418065,35739.933035235576,408929.0321752706,30584.129915848363,44757.83080929949,5.005147847374243e-09,2.99934257699768e-08,-176256.37254557916
413,145469.72360913147,35769.537903212105,414143.06255912624,36546.62426189687,36976.896586490635,1.4810406836532977e-08,2.4673070022199587e-08,-175973.355815464
414,184660.515959173,36480.67539803885,418060.3212467156,29035.73846404657,48755.40970876305,1.9995242503124255e-08,1.0006525122462808e-08,-177457.27011475572
415,103898.97289926752,39870.966710732246,404250.9388956482,31177.533333323703,49633.75798390998,6.8144944101013455e-09,2.6041448299009653e-08,-176018.6515769906
416,188403.54477904164,36917.8686816424,418557.7423858052,35265.13664172937,49822.029460869686,2e-08,1e-08,-177392.01277225206
417,141169.84674084577,37109.001979765126,464980.3249330555,39617.578288930265,30073.225992767548,5.229984236660049e-09,2.0513540880241086e-08,-176015.4487442351
418,187447.86329187005,35880.912962056806,417833.6459639596,34271.99528495663,49375.08261527879,5.000428412841276e-09,1.000086495975981e-08,-177395.53547734235
419,109912.30232369847,30379.216401346377,459429.88402921916,20335.325398524375,32706.34989267145,5.071456570219297e-09,2.7927939612059788e-08,-176074.8536929603
420,187223.43548656706,36505.32822750454,417189.0683187558,32711.21269551209,49540.65836110508,1.999994715850062e-08,2.999995415720408e-08,-176280.34946676673
421,167356.09214993255,31145.651468638396,448733.82098718383,38848.57883110562,47835.24719571182,1.9749049327403952e-08,2.244463133854087e-08,-175970.84754543143
422,187372.65124192793,36344.052454730765,417406.34734238184,33575.03670760348,49691.20055712805,5.000028430325834e-09,1.0000057400445167e-08,-177399.252103862
423,159685.9659879998,33898.037133350284,446003.8085921633,21704.898630110354,48784.13209635418,6.798053188572221e-09,2.5154436685080888e-08,-176005.84394468085
424,187365.65317472984,36425.2023723911,417385.2104233527,33432.78104125596,49729.10066768404,5.00000292890709e-09,1.0000005913423989e-08,-177399.81376330883
425,177667.270252802,30367.415901415847,417685.57037361094,20974.883289626196,41394.036207484714,1.979428723085002e-08,2.4081222502838502e-08,-175961.81777413268
426,187340.4229152956,36424.56947020263,417363.36076113966,33310.64656375781,49686.72493201439,5e-09,3e-08,-176287.01889971198
427,297927.0713534383,30406.71902687965,426179.0699026698,39889.855421971835,35162.58789215614,1.7912064481381416e-08,2.0809362328913072e-08,-176096.91354666834
428,187353.6704648266,36451.851932686346,417364.651298763,33292.63950019992,49721.81469808185,5e-09,3e-08,-176287.17205116444
429,181716.57614946525,37120.585560985215,403021.9053275637,20035.72302149692,40946.5793218482,1.7804990899110065e-08,2.4901652633713998e-08,-175974.29438769922
430,187360.80681777836,36436.59425294865,417362.2577432351,33276.793330642286,49733.59924792718,2e-08,3e-08,-176284.13690924295
431,190615.45477738834,33214.72559838338,458621.09445961914,27357.974353914142,30106.657941972942,1.6771568347500333e-08,2.17743113395974e-08,-175957.81609629473
432,187367.64447587324,36448.334657802494,417364.30810283386,33274.529274467386,49751.29823810296,2e-08,1e-08,-177416.99438921976
433,181945.9627172303,35491.477268264425,409821.2925790691,33006.8132962315,30056.807109342786,5.461864114097408e-09,2.4236201415099402e-08,-175978.84553406178
434,187366.99916031613,36442.03445206869,417362.2569584718,33273.35185409518,49753.04526812031,2e-08,3e-08,-176284.1952164263
435,104137.24352236927,32339.170254411023,419968.877548049,32909.509435574095,31370.467362363008,1.4805340910544674e-08,2.525318644463537e-08,-176026.21027474146
436,187367.25414125758,36436.50161463791,417364.8358022067,33273.7565219665,49753.17323184231,5e-09,3e-08,-176287.14178932464
437,101519.38834405741,31863.56791423233,445934.28538904706,38830.86699477878,48978.544052406214,1.6384625998154604e-08,2.8526343100964256e-08,-176069.88335710313
438,187368.2115415113,36437.69065839763,417364.8955604614,33273.79862509017,49752.78292123826,5e-09,3e-08,-176287.15068732874
439,287033.31148427643,30818.80197174812,501743.34610222396,21504.9312733904,30192.31036950785,1.984945508980621e-08,1.68141722056558e-08,-175980.68345673842
440,187368.26638055657,36437.91673812761,417364.94747077505,33274.19331960034,49752.33183203918,5.000058320666525e-09,2.999992551964948e-08,-176287.14721094596
441,165773.99324288627,39072.35590249907,459225.35546223266,34957.16006105111,44044.703305403746,5.032731685498959e-09,2.3335216699295075e-08,-175986.87936958286
442,187368.2830052792,36438.10321877769,417365.0026513769,33274.3804247322,49752.150938870334,5.000167536354863e-09,2.999978604211546e-08,-176287.13809049016
443,100728.42869804006,30213.137630283207,570790.1191754657,30599.792220736825,48809.97486028867,1.8029009055773892e-08,2.649231424964709e-08,-176183.51530550417
444,187368.3029144154,36438.26677233253,417365.0358258738,33274.456223915266,49752.06109473618,5.000153423875587e-09,2.9999804064927366e-08,-176287.14044943632
445,238847.3079436513,30679.81186749659,486998.11287051305,30648.5513054103,31100.746830029566,1.9016087585951182e-08,2.1204870876058915e-08,-176001.46833955956
446,187368.2923710782,36438.30000730289,417364.9694605203,33274.50972681181,49752.0327715441,5.000187169169907e-09,2.999976096937481e-08,-176287.13728379397
447,141471.8161789034,32028.15515426967,405874.95711242314,36519.17852365995,48631.59117933569,5.4124823425613945e-09,2.684788296675249e-08,-175999.54446886064
448,187368.29398189156,36438.300654782906,417364.9560278552,33274.52534797007,49751.99785812652,5.000241340135903e-09,2.999969178853763e-08,-176287.1320455924
449,161974.48933588725,39518.64437291508,402881.72232365794,27249.77883095728,49978.912843821774,1.4940526359925918e-08,2.5831342855427032e-08,-175982.17810631334
450,187368.29797546743,36438.29230261591,417364.9508450337,33274.53565014916,49751.982832639966,1.9999683708787646e-08,2.999972560064218e-08,-176284.17630360072
451,228043.9124025588,37491.2905095132,492893.60473852104,39330.674753406565,49694.5564034096,1.9966396465468178e-08,1.88956523183668e-08,-175965.31910325054
452,187368.2998067178,36438.288538775334,417364.95504824596,33274.53939774302,49751.970993109186,1.999965379212888e-08,2.9999699646358174e-08,-176284.17439308434
453,161338.16421250507,33391.3674823208,440187.76634274144,29849.63136806133,41902.34616057918,1.9978006303630432e-08,2.271108144033701e-08,-175964.96137310777
454,187368.29858620078,36438.288538041015,417364.9534081896,33274.542714452706,49751.96421788227,1.9999638307512675e-08,2.9999686212634515e-08,-176284.17339949775
455,218112.4903603685,30807.133908699387,578933.8699707676,36170.84599335902,35186.98195019583,1.960595516731958e-08,1.9380390802320123e-08,-175984.9706047858
456,187368.29797925276,36438.29043920281,417364.9520208971,33274.54365401859,49751.96440627276,1.999961671582142e-08,2.99996674807002e-08,-176284.17202279167
457,248262.20277983474,30650.533098844302,466548.034038973,31650.94143820081,35156.810004999614,5.915703140174833e-09,1.8254991699284018e-08,-175969.30547395642
458,187368.29757359656,36438.29078758712,417364.95101801783,33274.54403606026,49751.96479679124,7.626517588954516e-09,1.0000537981436045e-08,-177404.9391880178
459,163637.81004251074,31073.654389872023,400145.7936546636,35205.96673986835,38815.96782543116,1.78312007381924e-08,2.5220099127954874e-08,-175973.502843621
460,187368.2967987628,36438.291156654144,417364.95065963315,33274.54420270447,49751.965254165654,9.64998393308623e-09,1.2157933698942096e-08,-176823.34244268807
461,273230.8517791351,30713.259000612186,529813.1893401906,23821.21375031951,49940.33101332128,5.594011461426372e-09,2.0416083925487705e-08,-176067.3445611303
462,187368.29712166297,36438.29128327895,417364.9500142894,33274.54456968159,49751.96520052393,1.0706180610170888e-08,2.1023286538815357e-08,-175960.85883226478
463,107486.51796956142,31863.547870214297,546920.740745198,20007.712123229383,49957.6066245924,1.7258723193335495e-08,1.8791507898193584e-08,-176238.3279701618
464,187368.29711847453,36438.29134479966,417364.95013493986,33274.54449449166,49751.965195828394,1.1102506715231962e-08,2.156744056800885e-08,-175956.28489428287
465,130385.23086226458,36727.594090620725,581615.8953252737,36932.47669980549,32727.993425040942,6.908230857216366e-09,2.4805448948269035e-08,-176145.9885371818
466,187368.2970436627,36438.291390163635,417364.9502379495,33274.544449140136,49751.96522288471,1.106510302420342e-08,2.2103538865082957e-08,-175955.50810344514
467,197527.24812463316,39809.01573791495,463980.1680257167,32249.858308631585,48470.25919493844,1.9759111534004104e-08,2.2336601163128803e-08,-175983.83726246594
468,187368.29711986816,36438.291353848996,417364.9502008153,33274.54433073516,49751.96518740316,1.1044653552069174e-08,2.199431729405142e-08,-175955.3749516251
469,247148.17517230377,38988.88594697772,442679.6259590789,21854.917464920196,30689.538667249184,5.608870069338645e-09,2.1975957373950234e-08,-176023.42834933713
470,187368.29725824585,36438.29125677454,417364.9499600769,33274.54442335986,49751.965192739444,1.0937391395704843e-08,2.173137878735114e-08,-175955.66280667
471,192619.29553964693,30235.289860873636,445222.8330932323,20188.356070723898,44330.220862167356,1.508266952618676e-08,1.931158605733518e-08,-176007.0170424506
472,187368.29716047944,36438.29131887109,417364.9500714353,33274.54439382895,49751.96520122084,1.1000297670448565e-08,2.191303565324635e-08,-175955.3715669814
473,135648.18243226508,39502.41785494256,590257.5147964014,22830.799082961174,33037.481267215306,1.1469264144893009e-08,2.2633412049519816e-08,-176074.82960473263
474,187368.29715988567,36438.29131179474,417364.9500048465,33274.54442963423,49751.965214614946,1.0985705607777482e-08,2.1879436699081792e-08,-175955.39423023505
475,123609.7565392165,39991.363100756345,404609.7236494717,20374.52150500634,49313.05406339049,8.562409872210152e-09,2.8339498884445565e-08,-176020.59550900213
476,187368.29718374388,36438.291314352246,417364.9500431085,33274.54440484985,49751.96520219922,1.1003555291318122e-08,2.1899157193931363e-08,-175955.37917474099
477,109133.9582174854,30266.434721146747,453529.3006704565,38888.42727802796,49241.21516759569,9.690956067974754e-09,2.8950707567323863e-08,-176092.67841048026
478,187368.2971766398,36438.29131603724,417364.95006630674,33274.54440200462,49751.965204268505,1.1024004853885951e-08,2.1902066337936766e-08,-175955.3773475374
479,100748.43145089218,36937.118767117194,511088.4347818651,22742.004903239995,44260.195794742474,1.4049106509679717e-08,2.9666248174858072e-08,-176207.92107907194
480,187368.29715296158,36438.29132120332,417364.9500703292,33274.544389607865,49751.96519777031,1.0803988315971921e-08,2.1746663363879595e-08,-175955.62626935184
481,232614.14650066046,33796.54430698055,415715.7435340701,39894.70435291501,30172.373851592765,6.433150304986951e-09,1.904216224869674e-08,-175977.89817544085
482,187368.2971581982,36438.29131871923,417364.95007207134,33274.54439757486,49751.96520310836,9.310565643289849e-09,1.9204834931642624e-08,-176006.72237982828
483,110653.39154432014,30482.132132585313,578860.9552825611,20044.69681252182,32134.573223384217,9.96400985450327e-09,2.9523227846014058e-08,-176346.39435785837
484,187368.29715981748,36438.29131898721,417364.95007118065,33274.544395841935,49751.965202333464,9.88029168761235e-09,2.006247053728108e-08,-175978.95257431833
485,230396.58138863617,30549.4062090585,411232.98531661596,25639.69521189259,48060.37092890349,5.144190597847836e-09,2.416793730310933e-08,-176046.68881760587
486,187368.29716059685,36438.29131861681,417364.9500703517,33274.54439340842,49751.96520107196,1.3173742748494094e-08,2.5396438094382263e-08,-176022.44856488312
487,136201.18444206368,35188.53993278205,448797.2356940512,25431.968250415353,33304.1838601443,8.739067882449709e-09,2.5628652525949725e-08,-175998.5724959076
488,187368.29716054493,36438.29131932772,417364.95007137867,33274.54439420345,49751.96520130152,2e-08,3e-08,-176284.19658165137
489,112619.28533502403,30690.049445046592,532263.6959053394,25885.953426524557,36985.01583002179,5.2387889603254585e-09,2.366807348359164e-08,-176081.51461262608
490,187368.29716035395,36438.29131879347,417364.950071553,33274.54439403702,49751.96520132904,5.0001808762844505e-09,2.9999756222083653e-08,-176287.13693911763
491,218136.61672249337,32142.093713534698,465589.21635341644,20156.280421194097,30303.44482131646,1.2502841953892511e-08,1.8400389380410286e-08,-175997.15293572092
492,187368.29716040465,36438.29131888017,417364.9500713568,33274.54439374588,49751.965201159255,2e-08,3e-08,-176284.19658164613
493,201069.80772241874,38537.214398183074,561870.0173629646,39169.23293079392,48976.771401187936,6.953286733269912e-09,2.0053354587649212e-08,-175993.623070426
494,187368.29716044766,36438.29131892461,417364.9500714181,33274.54439382084,49751.96520118605,2e-08,1e-08,-177417.04342268364
495,259221.97933801936,30505.31847643722,534375.968618613,37869.89254984276,49873.40211221848,1.7595486029417655e-08,1.90635454827613e-08,-175994.99537823335
496,187368.29716046533,36438.29131890031,417364.95007143513,33274.54439384293,49751.965201212595,5.000071264299335e-09,2.9999903952790413e-08,-176287.1480804378
497,104258.34638586482,38586.67241662878,572553.5315288396,39765.03317995714,35517.044966267356,1.008648091071965e-08,2.8671786157386866e-08,-176327.4129986609
498,187368.2971604864,36438.29131887615,417364.9500714374,33274.544393834614,49751.96520123277,5.000112858233421e-09,2.999984789412792e-08,-176287.1438526744
499,290817.7131578902,39272.199186260754,440715.8687047152,32977.5342991724,49611.305280910536,1.860968856248662e-08,1.9337898706775678e-08,-176016.24593472204
500,187368.29716047944,36438.29131887109,417364.9500714353,33274.54439382895,49751.96520122084,5.00014203721833e-09,2.9165562289663954e-08,-176228.76568642372
501,163290.34314843177,34570.032127476166,414434.6451634249,20352.43349354083,43553.71395647585,1.8908207615638742e-08,2.0494437572674365e-08,-176033.85724217832
502,187368.29716047944,36438.29131887109,417364.9500714353,33274.54439382895,49751.96520122084,7.247399293840133e-09,2.475310727143812e-08,-176002.6817094752
503,102806.94715146482,35983.904737647754,514857.1826113841,38113.872774766816,49834.85828649612,5.2424644256617555e-09,2.6722600526082924e-08,-176129.08331723145
504,187368.29716047944,36438.29131887109,417364.9500714353,33274.54439382895,49751.96520122084,9.093079010502928e-09,2.3291469620246017e-08,-175966.6156938432
505,130645.48346578429,30730.999899436145,409570.5006977532,38044.32326017269,31022.641616548088,9.854130036997011e-09,1.930918485915693e-08,-176177.07664266328
506,187368.29716047944,36438.291318871095,417364.9500714353,33274.54439382895,49751.96520122084,1.0172992921181431e-08,2.2749647413349893e-08,-175959.3323914826
507,298157.9071246038,38184.3097000615,575315.3641137336,33694.2192563954,32211.507660763567,1.3128416694515039e-08,1.6031468177311458e-08,-175964.01750598225
508,187368.29716047944,36438.29131887109,417364.9500714353,33274.54439382895,49751.96520122084,1.0549681291326445e-08,2.229123922738479e-08,-175956.10573418185
509,108686.79702260454,30073.063154018164,466722.2219913777,35276.67029998374,31425.769077059304,1.915725315026458e-08,2.3735054717271683e-08,-176035.45685633068
510,187368.29716047944,36438.29131887109,417364.9500714353,33274.54439382895,49751.96520122084,1.0782214575156677e-08,2.2110415121609117e-08,-175955.5286045199
511,101179.52543992957,39769.579735682324,420994.2656956834,32471.44324335811,47226.61912232872,5.490846131429896e-09,2.0875575945111995e-08,-176175.13081557208
512,187368.29716047944,36438.29131887109,417364.9500714353,33274.54439382895,49751.96520122084,1.0883628279495254e-08,2.200258200950994e-08,-175955.38219391878
513,295544.403164591,32183.181895331472,589664.9010930508,20975.112617106577,45914.036431598484,1.766549376039781e-08,1.7405094648473234e-08,-175994.62705343578
514,187368.29716047944,36438.29131887109,417364.9500714353,33274.54439382895,49751.96520122084,1.093885760577623e-08,2.1953429425960504e-08,-175955.36377676387
515,119129.54637756392,39602.59521600988,432454.2612647663,21738.1365639254,46740.89607806087,1.7767531023893757e-08,1.9207524733059135e-08,-176235.27462132514
516,187368.29716047944,36438.29131887109,417364.9500714353,33274.54439382895,49751.96520122084,1.0905963321900077e-08,2.196982490750504e-08,-175955.36686488093
517,254321.1982685525,30340.16759863068,586779.1322300404,22757.306403441868,30966.305009722466,1.8550028189512412e-08,2.2881563641617332e-08,-176236.8414058703
518,187368.29716047944,36438.29131887109,417364.9500714353,33274.54439382895,49751.96520122084,1.0924867607968945e-08,2.1965318245479886e-08,-175955.3654290872
519,108023.57745733533,31472.340550907316,414693.7269649726,24205.935526554058,47746.405074057126,7.870601220524725e-09,2.6935656637216904e-08,-176025.4739392842
520,187368.29716047944,36438.29131887109,417364.9500714353,33274.54439382895,49751.96520122084,1.093076677843691e-08,2.1957754552383257e-08,-175955.36423020833
521,199176.1879040627,39633.048465865635,420819.92930104455,34805.880076721085,41217.47440371994,5.146292310411447e-09,1.9074892349449573e-08,-175995.70460845003
522,187368.29716047944,36438.29131887109,417364.9500714353,33274.54439382895,49751.96520122084,1.0934766239411214e-08,2.1955382175452055e-08,-175955.36395941998
523,278394.09785279504,37617.69374781887,527112.8876406952,39681.733243974115,38380.497785803585,1.2327696170093184e-08,1.7934188062745548e-08,-175982.34226259709
524,187368.29716047944,36438.29131887109,417364.9500714353,33274.54439382895,49751.96520122084,1.0936767748712561e-08,2.1954319882464294e-08,-175955.3638580068
525,102277.1142229395,30389.51715554866,448849.2621736656,38642.92082890528,33076.92875784157,1.9257018015557637e-08,2.7094998354082077e-08,-176041.8304632409
526,187368.29716047944,36438.29131887109,417364.9500714353,33274.54439382895,49751.96520122084,1.0939676538428105e-08,2.1954014467025718e-08,-175955.3637875445
527,213301.58377324973,30047.24597579937,564295.8675376781,20254.724774180915,49603.445171465166,1.8919297293210187e-08,1.8491114816337654e-08,-175974.894683216
528,187368.29716047944,36438.29131887109,417364.9500714353,33274.54439382895,49751.96520122084,1.093916637247859e-08,2.1953662089514588e-08,-175955.36378084487
529,201367.07896674756,38181.495446253946,400213.4448386457,29886.791814377422,31511.115333338683,9.882569739511063e-09,1.9981730400622086e-08,-175986.56375370861
530,187368.29716047944,36438.29131887109,417364.9500714353,33274.54439382895,49751.96520122084,1.0939012621803692e-08,2.195354366089664e-08,-175955.36377861773
531,220082.56826408653,38327.73436384389,415985.6773293733,39935.763735059445,31833.088544235303,9.000851726270098e-09,2.2583976271356757e-08,-176004.3972694025
532,187368.29716047944,36438.29131887109,417364.9500714353,33274.54439382895,49751.96520122084,1.0938947772252625e-08,2.1953491586208407e-08,-175955.3637776447
533,298518.4882848812,32460.08451764056,402209.87716657744,20448.52318479855,31308.37737371508,1.8619737871691833e-08,2.0607066026694516e-08,-176041.64733338574
534,187368.29716047944,36438.29131887109,417364.9500714353,33274.54439382895,49751.96520122084,1.09389104522543e-08,2.1953465359076603e-08,-175955.363777254
535,164174.86438965576,34027.0097996448,577904.5858681676,20445.7624065725,30811.406275206256,1.5942536096060548e-08,1.8453074456983768e-08,-176036.64898865216
536,187368.29716047944,36438.29131887109,417364.9500714353,33274.54439382895,49751.96520122084,1.0938883734570555e-08,2.1953447181406067e-08,-175955.3637770028
537,124614.79409605126,39784.87992528279,543289.9803415101,36545.07581077537,49732.50793870591,1.8230928724242005e-08,2.2454528959503616e-08,-176036.4307962628
538,187368.29716047944,36438.29131887109,417364.9500714353,33274.54439382895,49751.96520122084,1.0938870826610845e-08,2.1953438365624543e-08,-175955.36377688457
539,161518.31336026225,34373.49928573064,417571.05175579886,20286.443433770884,31497.455589774225,5.620737533754137e-09,2.3974600759746182e-08,-175981.4256181637
540,187368.29716047944,36438.29131887109,417364.9500714353,33274.54439382895,49751.96520122084,1.0938864226335762e-08,2.195343388091131e-08,-175955.3637768232
541,251114.1763545721,39934.79116019294,446027.4724503259,39937.967290354376,41045.14080761075,1.9414200925542706e-08,2.0935451179103347e-08,-176025.0115770885
542,187368.29716047944,36438.29131887109,417364.9500714353,33274.54439382895,49751.96520122084,1.093886092940879e-08,2.195343165445114e-08,-175955.36377679376
543,108691.12179272807,31751.988928250623,585686.1389743628,35385.26006851269,47231.43728853783,1.420906038319877e-08,2.998583765882464e-08,-176434.14019439326
544,187368.29716047944,36438.29131887109,417364.9500714353,33274.54439382895,49751.96520122084,1.0938859267520273e-08,2.1953430535562064e-08,-175955.36377677953
545,290507.0556019303,30349.747084417482,410673.5963879288,33070.046324124334,47894.883256381094,5.073354444555918e-09,2.17359273553463e-08,-176086.9900841235
546,187368.29716047944,36438.29131887109,417364.9500714353,33274.54439382895,49751.96520122084,1.0938858373525471e-08,2.195342993842712e-08,-175955.36377677013
547,236333.8266477858,30429.05540644636,405148.2039184308,36715.39586721045,30041.132550193623,1.2813774196541782e-08,1.744887556874057e-08,-176041.89700318826
548,187368.29716047944,36438.29131887109,417364.9500714353,33274.54439382895,49751.96520122084,1.093885800828787e-08,2.1953429751321016e-08,-175955.36377677016
549,191885.23505082348,30159.493114994086,554490.7339425718,23392.443022253115,47262.3206078721,5.573373377921806e-09,2.5564564889330915e-08,-176237.8069724027
550,187368.29716047944,36438.29131887109,417364.9500714353,33274.54439382895,49751.96520122084,1.093885780766999e-08,2.1953429588996585e-08,-175955.36377676795
551,245452.044233132,36349.298920174486,584293.1517671687,37581.76202131607,47896.29516519546,1.8883163805822776e-08,2.1791760892051607e-08,-176183.60256034427
552,187368.29716047944,36438.29131887109,417364.9500714353,33274.54439382895,49751.96520122084,1.0938857706816445e-08,2.1953429507504743e-08,-175955.3637767641
553,195306.35851353427,38142.76460642858,486911.84430493193,22196.496309938433,49622.4468177317,1.6620241960949793e-08,2.351680891824064e-08,-176026.43400417978
554,187368.29716047944,36438.29131887109,417364.9500714353,33274.54439382895,49751.96520122084,1.0938857656504477e-08,2.1953429466839545e-08,-175955.36377676498
555,286363.98505862383,38691.622736054036,561724.4567656682,20162.297686706268,32701.174176248824,1.815053865697755e-08,1.8179378953441966e-08,-175998.67462762492
556,187368.29716047944,36438.29131887109,417364.9500714353,33274.54439382895,49751.96520122084,1.0938857631384174e-08,2.195342944644959e-08,-175955.36377676463
557,130106.23564052404,39827.36376369452,437941.6628578207,31138.91816181269,34010.665038716266,1.0797707883060517e-08,2.5402372961411834e-08,-175990.94294060126
558,187368.29716047944,36438.29131887109,417364.9500714353,33274.54439382895,49751.96520122084,1.093885761715937e-08,2.1953429435421435e-08,-175955.36377676373
559,205891.216375041,30188.128182068896,425734.91823475825,20142.23636536926,45673.80830572061,1.0315971461882737e-08,2.054459558229265e-08,-175972.89215812745
560,187368.29716047944,36438.29131887109,417364.9500714353,33274.54439382895,49751.96520122084,1.0938857616240094e-08,2.195342943388933e-08,-175955.36377676527
561,280982.6965649704,39395.79322282096,441871.4661697814,23618.31413323061,31565.445625580756,1.3951421135668017e-08,2.0287099672322347e-08,-176015.80040254063
562,187368.29716047944,36438.29131887109,417364.9500714353,33274.54439382895,49751.96520122084,1.0938857617153605e-08,2.1953429435411807e-08,-175955.3637767638
563,107582.02316107132,34800.716962267354,425930.6194808205,34722.53195033572,49425.332437759396,1.989280095528757e-08,2.176333229050091e-08,-176107.95467932484
564,187368.29716047944,36438.29131887109,417364.9500714353,33274.54439382895,49751.96520122084,1.0938857617151691e-08,2.195342943540861e-08,-175955.3637767637
565,186286.62734827472,32698.333490009943,557695.635095934,39644.32881800163,30269.223174890103,5.163944887116686e-09,1.9961991387444547e-08,-175984.6284339148
566,187368.29716047944,36438.29131887109,417364.9500714353,33274.54439382895,49751.96520122084,1.0938857617142692e-08,2.1953429435393582e-08,-175955.36377676393
567,204070.25766397986,31069.010989251714,436849.6296147933,39239.71870632839,43689.92920354263,6.3278124126152995e-09,2.3349810150463213e-08,-176001.16057207008
568,187368.29716047944,36438.29131887109,417364.9500714353,33274.54439382895,49751.96520122084,1.093885761714356e-08,2.1953429435395035e-08,-175955.36377676376
569,157937.5085762516,31756.850207756746,401656.20871490904,21041.72697142673,43053.05590553385,1.064312741523109e-08,2.5342327372305085e-08,-175968.34671885762
570,187368.29716047944,36438.29131887109,417364.9500714353,33274.54439382895,49751.96520122084,1.0938857617147405e-08,2.1953429435401454e-08,-175955.36377676405
571,237009.44501653372,39551.404696044796,592738.7917634426,39718.15455057552,31359.708639972727,5.606367952462181e-09,2.2671841201626788e-08,-176263.93358467257
572,187368.29716047944,36438.29131887109,417364.9500714353,33274.54439382895,49751.96520122084,1.0938857617149779e-08,2.195342943540521e-08,-175955.36377676373
573,296759.91973901284,37464.23866685595,597112.6491379258,39053.75103413845,30745.405156849163,1.2941114889107787e-08,2.0728358612180136e-08,-176267.09633074995
574,187368.29716047944,36438.29131887109,417364.9500714353,33274.54439382895,49751.96520122084,1.0938857617153974e-08,2.1953429435410946e-08,-175955.36377676378
575,299495.06823480397,39884.41863673394,423919.2901918309,20561.48932156205,46025.83258308021,1.2514996698321914e-08,1.9204253402131458e-08,-176012.24284002956
576,187368.29716047944,36438.29131887109,417364.9500714353,33274.54439382895,49751.96520122084,1.0938857617151858e-08,2.1953429435408617e-08,-175955.3637767637
577,159976.51991262194,38629.32686246424,545138.8539103864,30100.63184889102,49990.68910117976,1.8711758505192944e-08,2.5294776544038248e-08,-176140.6500782434
578,187368.29716047944,36438.29131887109,417364.9500714353,33274.54439382895,49751.96520122084,1.0938857617168794e-08,2.1953429435409424e-08,-175955.36377676373
579,101442.33920945141,31721.00107848817,434861.17846269975,20080.521944735283,30802.936263023712,1.8288422536644044e-08,2.5514731650108664e-08,-176058.694283108
580,187368.29716047944,36438.29131887109,417364.9500714353,33274.54439382895,49751.96520122084,1.0938857617147011e-08,2.195342943540144e-08,-175955.36377676402
581,285202.25998796953,31093.596939313604,423306.99053906294,23451.365070923144,32441.7766842656,1.5061604836699978e-08,1.684871194463521e-08,-176023.88000938596
582,187368.29716047944,36438.29131887109,417364.9500714353,33274.54439382895,49751.96520122084,1.0938857617149352e-08,2.1953429435405027e-08,-175955.3637767637
583,126633.34641925852,30725.091249341753,405281.44725334627,21878.362371124644,46740.452962305084,1.3020050430863882e-08,2.0080464905153295e-08,-176200.3559786814
584,187368.29716047944,36438.29131887109,417364.9500714353,33274.54439382895,49751.96520122084,1.0938857617152682e-08,2.1953429435410506e-08,-175955.3637767638
585,173916.8331622056,32463.38770844571,408725.3712245854,34159.94536224244,31700.28030185073,9.893650150801428e-09,2.4018658755900522e-08,-175963.93794248614
586,187368.29716047944,36438.29131887109,417364.9500714353,33274.54439382895,49751.96520122084,1.0938857617152289e-08,2.1953429435407724e-08,-175955.36377676364
587,102012.6714282661,33538.77168609729,401797.44534762565,39533.470430490415,34179.577120349706,7.990039868157029e-09,2.7551146687109153e-08,-176014.75138255578
588,187368.29716047944,36438.29131887109,417364.9500714353,33274.54439382895,49751.96520122084,1.0938857617151931e-08,2.1953429435405613e-08,-175955.3637767637
589,124981.96836008554,39530.06108852463,436312.0349100109,20329.869185994696,47150.184772626446,5.462051658355558e-09,2.4292937565616886e-08,-176025.00066954846
590,187368.29716047944,36438.29131887109,417364.9500714353,33274.54439382895,49751.96520122084,1.0938857617152621e-08,2.1953429435406708e-08,-175955.36377676364
591,233182.49601745693,32264.098994668453,488373.35997301026,28636.94375020667,43629.640192406965,1.371245397133474e-08,1.818051079082838e-08,-175963.24603176146
592,187368.29716047944,36438.29131887109,417364.9500714353,33274.54439382895,49751.96520122084,1.09388576171525e-08,2.1953429435407234e-08,-175955.36377676373
593,165056.9447735871,30164.276285669835,416176.0745257901,21801.85292460039,30699.120191405673,1.6318006625904898e-08,2.3709982419279472e-08,-175961.64601668133
594,187368.29716047944,36438.29131887109,417364.9500714353,33274.54439382895,49751.96520122084,1.0938857617152395e-08,2.195342943540748e-08,-175955.3637767637
595,289197.30159582064,34827.801058993886,424432.648122253,32194.34720530796,49876.44129178299,1.5900417181158295e-08,2.0273417121601403e-08,-176032.923565022
596,187368.29716047944,36438.29131887109,417364.9500714353,33274.54439382895,49751.96520122084,1.093885761715218e-08,2.1953429435407644e-08,-175955.36377676367
597,187053.44853811455,31342.691273293898,590518.2095832699,29262.21839386034,49938.237839090856,1.5850088105217713e-08,1.8367497703779094e-08,-175984.5981162279
598,187368.29716047944,36438.29131887109,417364.9500714353,33274.54439382895,49751.96520122084,1.0938857617152236e-08,2.1953429435407684e-08,-175955.36377676367
599,166990.40606183026,30117.666385139117,496582.5143890104,31044.013601384504,40181.521734798516,1.5665464443307508e-08,2.1708936031824317e-08,-175971.14934827373
600,187368.29716047944,36438.29131887109,417364.9500714353,33274.54439382895,49751.96520122084,1.0938857617152262e-08,2.1953429435407704e-08,-175955.36377676367
601,208687.49507506797,35244.34810997987,413627.3414242489,38808.48392437548,43993.952557690194,1.8119325880199097e-08,2.2374123484972058e-08,-175982.1681485198
602,187368.29716047944,36438.29131887109,417364.9500714353,33274.54439382895,49751.96520122084,1.0938857617152275e-08,2.1953429435407714e-08,-175955.36377676364
603,198147.23098671823,39983.00040659473,476978.1753928814,39999.56366721882,31143.38341165102,1.3476280027809289e-08,1.8617623982456264e-08,-175976.95033629713
604,187368.29716047944,36438.29131887109,417364.9500714353,33274.54439382895,49751.96520122084,1.0938857617152282e-08,2.195342943540772e-08,-175955.36377676364
605,230912.75110427436,30577.559397484074,411142.22735393257,20382.415354287532,33320.80489983029,6.026011279063347e-09,2.2305635465686787e-08,-175988.97783438268
606,187368.29716047944,36438.29131887109,417364.9500714353,33274.54439382895,49751.96520122084,1.0938857617152285e-08,2.195342943540772e-08,-175955.36377676364
607,118248.41881969312,39971.565874637134,408835.22440408415,20248.852392000244,31407.604334446194,9.551511957199314e-09,2.715932084526342e-08,-176004.25261719694
608,187368.29716047944,36438.29131887109,417364.9500714353,33274.54439382895,49751.96520122084,1.0938857617152287e-08,2.1953429435407724e-08,-175955.36377676364
609,296968.14848738594,33859.015020049956,446613.85038547165,38792.762441791725,48993.8647917696,1.9100022790569234e-08,1.8587506841990046e-08,-176012.98129385326
610,187368.29716047944,36438.29131887109,417364.9500714353,33274.54439382895,49751.96520122084,1.0938857617152287e-08,2.1953429435407724e-08,-175955.36377676364
611,298853.7064985003,37867.58229246881,414209.55598364276,22211.693717701175,30637.34726424464,1.8274894745076838e-08,1.9016399971367505e-08,-176010.80363169903
612,187368.29716047944,36438.29131887109,417364.9500714353,33274.54439382895,49751.96520122084,1.0938857617152289e-08,2.1953429435407724e-08,-175955.36377676364
613,262482.1800545957,39187.55431162477,410115.3479757152,37348.14196912806,30095.116631169887,1.1821330199062624e-08,1.7372960906695334e-08,-176009.64020631963
614,187368.29716047944,36438.29131887109,417364.9500714353,33274.54439382895,49751.96520122084,1.0938857617152289e-08,2.1953429435407724e-08,-175955.36377676364
615,105701.22075912353,30742.14352837654,415672.2565885503,30371.95486027546,34737.541365744575,1.0699795743453875e-08,2.6429862362048393e-08,-176015.40012612432
616,187368.29716047944,36438.29131887109,417364.9500714353,33274.54439382895,49751.96520122084,1.0938857617152289e-08,2.1953429435407724e-08,-175955.36377676364
617,188284.07198377408,31549.078283370418,541691.8732801176,36426.80388431456,30663.66828247638,1.6089299518140286e-08,2.015517745447933e-08,-175972.33608357326
618,187368.29716047944,36438.29131887109,417364.9500714353,33274.54439382895,49751.96520122084,1.0938857617152289e-08,2.1953429435407724e-08,-175955.36377676364
619,152061.96006740545,38463.7753220327,405600.776438277,20461.32240835874,48215.802895281915,1.0799659029366107e-08,2.4848026322222385e-08,-175973.10560345286
620,187368.29716047944,36438.29131887109,417364.9500714353,33274.54439382895,49751.96520122084,1.0938857617152289e-08,2.1953429435407724e-08,-175955.36377676364
621,122893.84563810025,35873.273161766425,409126.01629357686,34921.455233994915,42854.407773900835,1.0635020025119568e-08,2.583285899167846e-08,-175987.0896226137
622,187368.29716047944,36438.29131887109,417364.9500714353,33274.54439382895,49751.96520122084,1.0938857617152289e-08,2.1953429435407724e-08,-175955.36377676364
623,231655.72635525296,31329.193170368835,403198.09873417614,38097.72188382395,30425.660197595975,1.9907606646832345e-08,2.2939644790231994e-08,-176029.99392450383
624,187368.29716047944,36438.29131887109,417364.9500714353,33274.54439382895,49751.96520122084,1.0938857617152289e-08,2.1953429435407724e-08,-175955.36377676364
625,156891.16771346738,39279.03034600124,425451.4815543865,28370.333665214486,33994.86811255238,1.705285885149453e-08,2.3686249804437878e-08,-175964.6259201819
626,187368.29716047944,36438.29131887109,417364.9500714353,33274.54439382895,49751.96520122084,1.0938857617152289e-08,2.1953429435407724e-08,-175955.36377676364
627,297457.2728865915,35599.62242396535,452145.00808023976,22226.310075111476,44132.286352697294,1.260348768391041e-08,1.6774281947111355e-08,-175994.65151422124
628,187368.29716047944,36438.29131887109,417364.9500714353,33274.54439382895,49751.96520122084,1.0938857617152289e-08,2.1953429435407724e-08,-175955.36377676364
629,100842.61425697747,30546.68071657524,599761.6216233119,32606.28615722031,49527.729278265644,7.102818198171004e-09,2.466854876388962e-08,-176184.31462983906
630,187368.29716047944,36438.29131887109,417364.9500714353,33274.54439382895,49751.96520122084,1.0938857617152289e-08,2.1953429435407724e-08,-175955.36377676364
631,293773.5799538273,36410.16372785787,592290.7684714885,21874.130956865378,30246.77160169844,5.434787728574177e-09,2.104364507305437e-08,-176234.12448776732
632,187368.29716047944,36438.29131887109,417364.9500714353,33274.54439382895,49751.96520122084,1.0938857617152289e-08,2.1953429435407724e-08,-175955.36377676364
633,122313.85770695489,37618.80114219671,403564.06477684743,37866.18065533772,30176.11821829,1.709139297546687e-08,2.76506914867751e-08,-176011.87896900842
634,187368.29716047944,36438.29131887109,417364.9500714353,33274.54439382895,49751.96520122084,1.0938857617152289e-08,2.1953429435407724e-08,-175955.36377676364
635,176794.51011934713,33310.89354143602,409921.78257119894,38702.769384985615,45336.33305367919,1.4033589337587294e-08,2.28609313741929e-08,-175962.62685791688
636,187368.29716047944,36438.29131887109,417364.9500714353,33274.54439382895,49751.96520122084,1.0938857617152289e-08,2.1953429435407724e-08,-175955.36377676364
637,297072.1535998258,30025.218112334143,419972.72459498455,39749.774778963096,30653.57382364745,5.580317259353153e-09,1.813562899445304e-08,-176000.5529205512
638,187368.29716047944,36438.29131887109,417364.9500714353,33274.54439382895,49751.96520122084,1.0938857617152289e-08,2.1953429435407724e-08,-175955.36377676364
639,268567.772558743,30450.427585151447,404496.4837466822,35602.334366459356,34522.13785739056,7.794763140487745e-09,2.110236460503952e-08,-176014.9252487692
640,187368.29716047944,36438.29131887109,417364.9500714353,33274.54439382895,49751.96520122084,1.0938857617152289e-08,2.1953429435407724e-08,-175955.36377676364
641,157341.695860241,32533.323644012464,571630.9056184065,32640.02064869349,49833.48452145541,1.9752449676504593e-08,2.321103117983665e-08,-176066.52477949747
642,187368.29716047944,36438.29131887109,417364.9500714353,33274.54439382895,49751.96520122084,1.0938857617152289e-08,2.1953429435407724e-08,-175955.36377676364
643,265423.44690660096,33347.92978790089,467068.87417959515,39107.101439009915,49429.394307827286,1.1913520043831613e-08,1.9367912726449208e-08,-175985.7157590706
644,187368.29716047944,36438.29131887109,417364.9500714353,33274.54439382895,49751.96520122084,1.0938857617152289e-08,2.1953429435407724e-08,-175955.36377676364
645,170524.61426530976,38921.6691284653,579065.5534344509,20951.111706729935,49636.088469227805,1.8673240697595843e-08,2.089292587375528e-08,-176018.4415947517
646,187368.29716047944,36438.29131887109,417364.9500714353,33274.54439382895,49751.96520122084,1.0938857617152289e-08,2.1953429435407724e-08,-175955.36377676364
647,289814.79132961703,35541.996381095996,597298.984264961,20200.423652954953,32473.35110612384,1.4072689076637288e-08,1.5766078567891898e-08,-175970.83125134907
648,187368.29716047944,36438.29131887109,417364.9500714353,33274.54439382895,49751.96520122084,1.0938857617152289e-08,2.1953429435407724e-08,-175955.36377676364
649,152555.18746628897,35265.316808330936,449753.101804612,39940.546174532865,30211.865916150844,1.0864953567513924e-08,2.568919942049275e-08,-176028.28328912912
650,187368.29716047944,36438.29131887109,417364.9500714353,33274.54439382895,49751.96520122084,1.0938857617152289e-08,2.1953429435407724e-08,-175955.36377676364
651,298044.1840421704,34212.18226849139,597624.6999726221,23389.46699904448,46148.51206679971,1.3363558575225335e-08,1.5662351403408597e-08,-175967.07219068706
652,187368.29716047944,36438.29131887109,417364.9500714353,33274.54439382895,49751.96520122084,1.0938857617152289e-08,2.1953429435407724e-08,-175955.36377676364
653,116775.93019557482,32810.00058540138,401250.1082409415,20613.13204014411,40235.36405497257,8.356185043341385e-09,2.3627488108964244e-08,-176070.20746847906
654,187368.29716047944,36438.29131887109,417364.9500714353,33274.54439382895,49751.96520122084,1.0938857617152289e-08,2.1953429435407724e-08,-175955.36377676364
655,117243.3650251073,34994.45769134306,402632.5712755252,20007.799912539213,37587.37566443083,5.539345974563494e-09,2.5965456703204858e-08,-176022.31420513196
656,187368.29716047944,36438.29131887109,417364.9500714353,33274.54439382895,49751.96520122084,1.0938857617152289e-08,2.1953429435407724e-08,-175955.36377676364
657,236083.63627744967,35464.253100268,469187.98780901224,29137.066636586045,46549.48060796079,5.193558079521755e-09,1.9531358280834217e-08,-175966.9130664637
658,187368.29716047944,36438.29131887109,417364.9500714353,33274.54439382895,49751.96520122084,1.0938857617152289e-08,2.1953429435407724e-08,-175955.36377676364
659,236954.15314769594,34110.35180948983,567927.1525288199,24939.635034021507,49478.34386306346,1.022358640115403e-08,1.953727717110606e-08,-175998.76688870642
660,187368.29716047944,36438.29131887109,417364.9500714353,33274.54439382895,49751.96520122084,1.0938857617152289e-08,2.1953429435407724e-08,-175955.36377676364
661,283578.2631447713,36174.10806713734,402619.59956345236,22696.353183493167,48445.7039722342,5.209651228906332e-09,2.0921486485709228e-08,-176037.61148385343
662,187368.29716047944,36438.29131887109,417364.9500714353,33274.54439382895,49751.96520122084,1.0938857617152289e-08,2.1953429435407724e-08,-175955.36377676364
663,139835.43060877337,39365.11366258624,409065.38216837664,25959.30386825126,46994.35721232183,1.8625700341455036e-08,2.338959761603388e-08,-175984.04479372228
664,187368.29716047944,36438.29131887109,417364.9500714353,33274.54439382895,49751.96520122084,1.0938857617152289e-08,2.1953429435407724e-08,-175955.36377676364
665,209892.7810141422,30019.058775538702,593230.196901726,22558.395745330778,31714.823060007267,1.9102079749182857e-08,1.879971466942361e-08,-175975.7059345964
666,187368.29716047944,36438.29131887109,417364.9500714353,33274.54439382895,49751.96520122084,1.0938857617152289e-08,2.1953429435407724e-08,-175955.36377676364
667,110033.66882810045,38745.538215907225,588779.4063525653,34598.58357789085,47652.05842652938,5.7734162581256526e-09,2.3085503640415624e-08,-176114.92728067428
668,187368.29716047944,36438.29131887109,417364.9500714353,33274.54439382895,49751.96520122084,1.0938857617152289e-08,2.1953429435407724e-08,-175955.36377676364
669,294782.0949286658,33272.117941302015,420677.6346686319,27708.29262094028,31773.67561711471,5.074213900489273e-09,1.9626913449045024e-08,-176018.17852747056
670,187368.29716047944,36438.29131887109,417364.9500714353,33274.54439382895,49751.96520122084,1.0938857617152289e-08,2.1953429435407724e-08,-175955.36377676364
671,290017.8583227685,30075.382139448655,563402.1177298044,20437.31102342001,46306.79074916335,1.0968815845338383e-08,1.848759735621047e-08,-176017.14729995796
672,187368.29716047944,36438.29131887109,417364.9500714353,33274.54439382895,49751.96520122084,1.0938857617152289e-08,2.1953429435407724e-08,-175955.36377676364
673,253674.1155915676,38611.08526999952,425104.6071469305,39537.96254420992,47950.30228398381,1.5428785557291464e-08,1.926520292113341e-08,-175979.53236834283
674,187368.29716047944,36438.29131887109,417364.9500714353,33274.54439382895,49751.96520122084,1.0938857617152289e-08,2.1953429435407724e-08,-175955.36377676364
675,122555.4676830442,35823.41790977898,458804.25017983577,31828.3524713122,32738.95616025741,1.9720580256411643e-08,2.3907685586948136e-08,-176003.14266557808
676,187368.29716047944,36438.29131887109,417364.9500714353,33274.54439382895,49751.96520122084,1.0938857617152289e-08,2.1953429435407724e-08,-175955.36377676364
677,235600.5237326575,32422.05128295283,599815.8260693898,34956.643919722315,42370.95756753416,1.3754742453661736e-08,1.732843101859347e-08,-175960.75364808517
678,187368.29716047944,36438.29131887109,417364.9500714353,33274.54439382895,49751.96520122084,1.0938857617152289e-08,2.1953429435407724e-08,-175955.36377676364
679,226296.65636707627,39535.43338449055,596431.7553580166,27260.32973509677,36452.664872962494,9.857479578060885e-09,2.0239027201328345e-08,-176037.60043398332
680,187368.29716047944,36438.29131887109,417364.9500714353,33274.54439382895,49751.96520122084,1.0938857617152289e-08,2.1953429435407724e-08,-175955.36377676364
681,222825.737182183,30507.215898838214,445245.7245158834,30473.181562175676,49211.03861355681,9.2094547531771e-09,2.1631220290507437e-08,-175972.07303488278
682,290504.5834488404,36496.56605626495,402067.2186738366,20032.745256805953,46815.950870110384,1.5909063619601283e-08,2.2225803439596812e-08,-176097.46767086472
683,171514.32154840147,31269.492725235647,537609.2344156473,29098.254317324536,34057.69200558156,1.9248673281496234e-08,2.0682883583401582e-08,-175977.08919598346
684,218311.84179408295,31711.46573902658,588950.4002952222,20742.159819859724,31774.128852755657,5.229698534897268e-09,2.316610704170121e-08,-176183.3344288625
685,175293.77348652232,34039.00787065287,582520.4862547464,26524.31696448938,44871.64241392468,1.999651001737604e-08,1.881097156519334e-08,-175993.3191274477
686,288046.10572131386,37650.34814476325,487842.37069332437,20003.979556966344,30090.331811003423,5.2548489211868e-09,1.7028075452314746e-08,-175995.20401009973
687,104408.38730919923,39915.00526381866,421909.58791377547,34411.1690482009,48240.2987897906,1.9054785934031756e-08,2.7095960588183613e-08,-176022.3735847001
688,112639.36219293246,34721.58793629203,433354.7459546858,39879.499765533445,48596.334794259514,9.136076449193734e-09,1.956436848687747e-08,-176184.41678721042
689,298219.6286508411,34932.42888256605,589188.7687012398,30227.97906859029,45357.710385167826,5.070110711495151e-09,1.8246630606426164e-08,-176046.1151739425
690,294605.64649278065,30309.123461319774,424282.761334181,32309.197494037715,46860.78319930202,5.062116088002924e-09,1.8185274550709305e-08,-175994.33234545143
691,122140.41455102568,39887.54199575744,575909.6038600658,39617.23134796613,34381.41966484417,1.986847439621062e-08,1.7966664990549813e-08,-176110.50245126738
692,234665.71090009695,39126.53600977421,410044.3077827798,23128.102285936915,34665.353493281844,5.881557706649868e-09,1.813359773841955e-08,-176023.33435382592
693,294838.9690901713,30574.17957116041,594586.3269308908,26977.53363442987,35735.7432780571,8.259822256610925e-09,1.7563479077407774e-08,-175999.211192365
694,154371.5007042417,30644.394300331045,405494.07760953286,29316.971102129544,49135.682243402305,1.740751187139815e-08,2.390091302866172e-08,-175962.72457328805
695,281231.7999289532,34502.497285295365,597373.025286064,39665.87719092181,34453.12388649826,1.578111812909789e-08,1.6862591079295392e-08,-175977.82589565724
696,127388.46964794144,30658.69620168876,592276.8173763735,20673.218805846718,33295.609564218874,1.20846189223852e-08,1.9297333073399403e-08,-176119.83892068156
697,297093.06565043074,35042.01540956815,579101.1600714824,39076.550448389884,46988.00011006155,1.3156135110310681e-08,1.6158092931224407e-08,-175966.6197120972
698,174067.52040487656,37799.368824164034,540155.3361506406,24681.707202083006,30502.535555159015,5.491534941958298e-09,2.4603045381919886e-08,-176112.46683944322
699,105051.90093398726,30073.107530729503,544918.9107905608,39222.91888754706,32472.906864032193,5.664372132124085e-09,2.2958655994081354e-08,-176070.02777114147
700,106437.99132822524,35771.57493286928,400854.5420760548,21865.68495294147,32685.471105304852,8.810732044775445e-09,2.9572447945281714e-08,-176023.68104094372
701,193909.72959732654,39575.68114278714,580829.6969263096,20009.676378194497,32271.03542551803,1.6197383973731728e-08,2.1689767377088566e-08,-176043.10349876067
702,113875.18789003513,32418.377169632295,489125.745273083,31007.423961552657,30572.91733088427,6.762059384609109e-09,2.665542815445958e-08,-176063.40427410803
703,246412.13900910137,36874.43741520371,598831.4679941965,21338.818544773592,47175.99326821022,6.067955945264213e-09,1.9509638567141707e-08,-176046.84916222413
704,105038.04481385971,36145.18499280516,409545.19616809225,39244.49320573515,31434.86638773745,1.4393622441330523e-08,2.2058930914501398e-08,-176106.05989754695
705,171544.60873710088,33633.8276317206,532011.6541621379,33131.665199935844,30990.112246813344,1.3319270921628105e-08,2.1746319690848748e-08,-175987.32950638368
706,148788.4526280277,39733.190113630735,587340.2278535685,30037.57404744885,31856.619244378457,1.138538411567382e-08,2.5537696933381517e-08,-176202.78852762215
707,132897.2685298447,39855.22470496363,412109.7852892277,20609.38562273137,30041.584632430655,1.74702258740725e-08,2.782183648176782e-08,-175999.3338275941
708,263975.2907561421,39679.964825432486,416080.2241826986,36132.470584921684,30532.43178079768,5.104988340651816e-09,1.7896717654761385e-08,-175992.2150785089
709,170525.21648229822,30127.277674719153,424458.41760847863,28098.139245399052,30094.68945928553,1.431866279918008e-08,2.027019007274848e-08,-176014.25716350402
710,292856.27441188274,39026.87765867288,400303.60016058706,34489.24244531801,49503.812326404026,1.9712397600179583e-08,2.2217042187146953e-08,-176141.02642820662
711,213460.04085035413,32594.814677597136,402460.610997008,36435.206110560524,46948.450975328684,1.774995698345411e-08,1.9639484973824922e-08,-175984.524299518
712,175135.8427074126,38799.74344615739,430700.4227886673,38765.447463954944,49017.50419339123,1.507039304264321e-08,2.316738185089254e-08,-175973.26978495126
713,172671.2304990118,39865.32733401805,590609.0750846807,39877.83647946159,46704.079920163706,5.9351942023358395e-09,2.5907429786308053e-08,-176349.9257709126
714,129755.27115106554,30213.946362305393,596094.8694425795,36995.24116863968,31432.29538650616,1.825867741448508e-08,2.711361859695293e-08,-176283.11656635365
715,192605.3671586668,39332.19971037417,403316.7967567863,26875.55269311853,30119.798039983296,7.962909427915604e-09,2.2925736560509377e-08,-175962.6887262493
716,183783.2036317873,37559.960959391596,566141.8614037663,37090.382278605306,30007.245672272944,1.1080888558514011e-08,2.0855359618967916e-08,-176002.26471286913
717,114203.05540548985,30281.45832243144,435255.5630450504,39749.926402293095,45850.13465764368,1.735736873809091e-08,2.3737077642486045e-08,-176024.17519587834
718,207764.65449358488,31641.966304107078,416204.5564052207,21938.978658999353,49212.632376035894,1.682009910224736e-08,2.3317053631511413e-08,-175974.88508640617
719,122740.59671861515,38891.47277405875,561151.3687652801,35144.124126620874,30191.788905975656,1.588418654146242e-08,2.1067251363733384e-08,-176038.42049339492
720,160367.57772447338,37474.731717675226,452780.04550554714,39266.28529594566,33007.34260180883,9.418412178743478e-09,1.9853991656527827e-08,-176003.15633851502
721,200893.8485838758,31846.022423221115,441961.312113491,21387.958541519372,34919.7341147182,1.3362074914860635e-08,2.3610111546989687e-08,-175983.19775170393
722,201254.55192131444,31554.385997278878,494553.8413391677,37978.04550677923,49225.02822029023,9.910894802421755e-09,1.945936199292166e-08,-175958.73860527592
723,270508.4695611822,33102.951764120946,446992.84588316974,30292.764892122395,33203.03183683493,5.258356043578925e-09,2.2327066344443308e-08,-176091.11151484304
724,175308.4098418969,35335.34952252511,475019.7148042363,39534.56623185886,47588.31269590891,5.144597876081108e-09,1.9700049224296763e-08,-175980.8009870598
725,261419.9286126242,32161.1549397386,569107.0336625016,39918.73504989726,32840.71738602493,1.6743982177766628e-08,2.043164312192456e-08,-176101.88376514794
726,276325.63600350777,35727.33632171191,432359.1818822501,22244.57497382965,42751.88117771248,1.9554115598288763e-08,1.9519652761825516e-08,-175989.54129271035
727,296914.71031164407,30492.64583507217,566846.7888586554,32259.784086389416,33251.29287825754,1.336699232286548e-08,1.568767888191589e-08,-175965.77548735784
728,250548.04579119626,39255.605444556524,553321.996347948,21530.264296976686,47185.197472363914,1.0028320405203512e-08,1.791869758722508e-08,-175970.59827873367
729,145324.306880793,38563.74552876488,599383.2433051721,20311.022366968104,30416.866285064614,1.0763718871826031e-08,2.937752414977246e-08,-176495.57907006683
730,104222.21798057338,35896.15788763455,424817.6949030282,20397.905313247265,39125.54762955029,1.9510390668901428e-08,2.7741677200058972e-08,-176030.18375992816
731,248752.6734255892,32622.94634929355,460465.6191804667,31256.934010089135,35219.137919156594,9.723098560149077e-09,1.837425064809696e-08,-175965.72312379366
732,297771.71246486204,37911.7354482383,426953.4576560454,32360.788061302486,41612.43181837481,1.3687984181146125e-08,1.8301705845948913e-08,-175998.0129833562
733,105434.26021340069,38152.224407258786,411628.2172421201,39535.51899161972,48180.98179481317,1.9507216223368375e-08,1.90950204400158e-08,-176287.96046728743
734,214742.8432444226,30061.059920349537,509572.74038057216,28977.284194447067,47147.87338465405,1.9284985928276565e-08,2.2524752435620712e-08,-176031.5404132606
735,212751.747831533,39008.274649555504,413388.68367274775,32945.84715497355,31633.992100025742,1.9706121481809453e-08,2.1932812990057367e-08,-175975.50197784405
736,203985.90355358442,35114.500856664374,477044.0776089574,20777.561889720535,47912.73349014573,1.3254148349375357e-08,2.189955863979368e-08,-175978.24580988556
737,176307.70727479924,35404.88631827417,583814.4508269081,39793.07256579012,49077.3103833294,1.0282705132995497e-08,1.9318846463646396e-08,-175986.99205218314
738,101310.89577843114,30121.406895995227,416324.42484858463,20100.011897144013,30945.638763504634,8.508266723773121e-09,2.5932386728738573e-08,-176065.41192256988
739,186945.01343512145,36363.55807325126,514938.9029630502,21141.732334067176,40904.662153067584,9.608353670735138e-09,2.1434952376870592e-08,-175987.17463102634
740,228523.92780006354,30180.48213241183,509327.99818475905,27885.341864756894,40416.3261291691,1.817879893868368e-08,1.853034530134333e-08,-175959.58817460775
741,215297.21047997763,36721.51071144088,403554.4445085201,27922.014856940106,47401.05677418689,1.9581185592153214e-08,2.4152106543284164e-08,-176013.7523056448
742,272105.4534083655,30503.27201241011,411496.71013412223,22224.987462230893,47021.269366565604,1.3751355416653809e-08,1.7159566593445653e-08,-176023.130603675
743,298712.1122199447,33880.74304443355,578880.1711990209,35636.02959686454,47854.07716146458,1.6817721136728944e-08,1.716416058599928e-08,-175992.52728359864
744,296350.209139814,39365.495129288625,423116.2888192906,21264.68688197996,35058.63202506285,1.0208326493532881e-08,1.7428571649868326e-08,-176004.81360142952
745,160011.40393531037,33947.36459673163,416289.9398396498,25030.603212331873,48990.192817022864,1.1130325666315568e-08,2.955838065912679e-08,-176114.52459781943
746,193631.49966592022,30195.241478732092,466387.5223052239,20016.257165236482,36156.56986598,1.751903071628548e-08,2.1247031530017643e-08,-175963.39018563635
747,145516.64210833353,31001.08505008006,457105.32582485845,20398.04486441476,30431.334749122885,1.998384862064679e-08,2.0648320522167116e-08,-176054.10616193787
748,167727.96802741062,39868.07148708532,591059.0141878941,31277.303868886615,34182.08670251674,7.3151137267075844e-09,1.884862887267768e-08,-176002.51236936954
749,283686.04816627316,38142.689138376605,587450.872077678,20592.616178992743,46498.65482673468,1.9812709195635064e-08,1.774023938338888e-08,-175996.74867445775
750,211434.38674790825,39722.558995115374,403221.3922421697,30325.904501322006,34996.99672165414,5.06978303317899e-09,2.4395828866739937e-08,-176024.00241966583
751,102333.28688671862,34954.2419239288,598312.9102457595,22140.13574282263,32411.83419381138,8.597834920626978e-09,2.4366448243798944e-08,-176171.40111452437
752,113168.92409819138,39803.54318384286,593047.5160637754,32123.66489858429,46501.99100305086,1.7602582638987777e-08,1.8101942198494737e-08,-176151.41335229552
753,122702.22473305104,34935.420921837394,590502.027862162,38418.61757880308,32519.902859510887,1.3699388570271983e-08,1.880879131186123e-08,-176078.312770068
754,220383.06276795763,39648.21715819706,504376.78984016366,39708.554119328095,49713.370552936525,1.0308220151972166e-08,1.865503021065048e-08,-175956.19062261345
755,130971.70434134295,37129.57390538696,405189.76859889907,38979.782614809854,31111.020964163534,6.562444949883718e-09,2.5505937936721047e-08,-175984.74148549623
756,226613.03147585315,36437.33858346527,588552.2559158715,20027.010649814798,36202.585661130746,1.443154443065829e-08,1.6952919050794174e-08,-175982.44332395928
757,105231.03863882711,38525.19526308153,454956.3650656646,21079.95496958154,30146.212430514013,1.53475412157284e-08,2.17447141906327e-08,-176139.69916757336
758,299659.7745736856,30013.044555705263,528840.0950251219,24897.07426507637,41303.9746836002,9.66770122905693e-09,2.145001991760079e-08,-176189.0389838055
759,243790.2443705125,34448.307827587196,548606.9838691554,22967.2904590202,43789.54432032093,1.689129221527811e-08,1.8643749684195496e-08,-175968.2811617571
760,149317.28020872956,30307.441946753286,449781.392600349,39814.64604725466,47662.00196668597,5.814617021280476e-09,2.022177256786154e-08,-176024.93496744637
761,195241.46897690534,35601.43925016723,423260.5382786375,20150.195187744303,32508.85397103617,8.688707839894731e-09,2.483265441462526e-08,-176003.32946208163
762,222322.3434376241,39791.9766169143,428685.99379108555,22808.300532073186,41861.89900012469,1.3850938164970538e-08,2.112837971208851e-08,-175963.8600863351
763,226046.3880599556,39845.11398481693,586309.8368061585,21449.6114924571,48742.6181503914,1.9070047047578664e-08,2.5838996745433088e-08,-176473.043851301
764,122939.10956939634,39950.75793621254,583442.0363394726,20812.551269378262,31758.541714600673,7.591988937944132e-09,1.943058441788419e-08,-176122.3248681608
765,101634.61033517578,33490.98622332226,585731.7349596698,39872.351404562636,43394.527151867,5.694327730247546e-09,2.0513259641099173e-08,-176110.5503821549
766,277015.2244916999,30620.937481692432,577941.9410541869,26954.08682809225,36376.589633963216,9.089383457523997e-09,2.744233467595569e-08,-176884.07196839125
767,194557.1118694598,39814.48875938539,526165.0325692988,23679.493931684603,30741.877196265294,1.8967352386362618e-08,1.8175209817125077e-08,-175989.61915086184
768,196633.93023328867,33478.166595467665,449267.392813063,39563.57524557368,31313.86484419871,7.809619282910926e-09,2.2344179425877087e-08,-175978.46999692215
769,124101.42758588884,30004.14831806051,401666.04067804245,23563.086185626442,47451.06228813866,5.0406526860144574e-09,2.426335583498127e-08,-176029.74423171225
770,144835.4277730823,30102.276889871115,536030.380561218,26974.085592878248,48420.23339435499,7.028651892100964e-09,2.1965622031365125e-08,-176025.1415230119
